9105
3734
3270
9737
4174
8480
726
1789
6076
421
9171
5913
2761
987
8
2943
4078
8860
3662
2987
6541
5621
1579
2104
5369
7083
9533
1557
597
2716
6498
6688
7191
2206
1334
9628
5881
6995
5479
7239
1583
3612
7057
1239
7920
5260
8738
5409
5937
7862
5968
8574
8494
7956
7099
203
2360
4807
9667
665
3319
3054
7339
3834
8184
5875
8762
3340
3959
3301
4304
3823
8785
8674
6022
8469
4059
8360
4642
2527
865
7544
8311
2916
1110
794
3170
9604
3789
8718
9912
5150
9971
1402
4397
1747
7655
7582
5971
5339
9904
4317
8715
6362
2204
6223
5225
5755
1188
9120
2808
6731
384
1742
1683
7519
2001
7688
4900
4667
580
1651
4750
7637
3515
9859
5327
4607
131
2056
1535
3334
2644
8428
2546
9566
4596
6160
6988
40
6242
5476
2520
9426
7857
592
3103
6162
5359
4501
9044
643
738
2005
1435
9843
6848
9694
5904
1506
33
3213
9826
548
4109
4476
1389
4645
962
1171
723
1553
6987
792
9756
1975
4788
6472
1403
9424
9991
279
2211
6167
7349
5371
5599
9930
6914
6187
2667
3739
1468
4286
5189
8823
3035
6964
8733
9907
4306
1845
3267
2756
8402
3956
9811
7693
48
2775
3477
8276
4814
9688
5928
1797
1555
4686
5140
3852
948
6895
7269
8608
6791
5541
2616
2771
9070
5172
4483
8827
5127
7784
2024
4120
664
2524
752
4140
1900
8597
6349
5021
1866
5745
3159
800
6605
3232
9014
2629
8872
8415
4795
2936
7158
1379
7208
7
7106
6591
6597
9031
9194
6357
5664
5055
160
1660
1069
2177
93
3358
6388
6887
9839
1358
1033
7608
4275
7395
5849
5919
470
3403
13
3093
9598
761
575
9401
9176
673
926
5907
9253
7011
2099
4877
8125
459
567
7968
2597
5466
265
3778
1988
4986
6002
4548
839
2489
632
7955
3504
2105
1118
4600
3129
7771
5180
824
1965
9258
2609
8575
644
2008
9450
5060
339
9307
2861
1634
155
3026
1922
8230
718
9608
2577
2396
8992
6291
9060
1974
9606
4628
969
888
1961
3339
1850
6846
7634
8666
2403
5713
5238
4709
6200
7872
2224
8869
2538
5335
7921
1032
81
2326
7288
222
1967
9270
7341
4094
8322
1074
9192
6943
6979
2162
6275
509
6635
8307
6386
3615
2743
8122
9146
9755
368
9828
624
9622
8611
9650
2274
7788
7317
9018
2592
5269
4902
5232
2514
6783
2294
3125
2382
9110
9379
612
577
1234
9784
5595
2491
2385
2492
5555
573
6965
7490
5009
7680
4043
5025
5663
7446
3630
4278
3092
7905
490
5535
7848
6351
9986
6561
3826
9778
7927
2132
6957
8737
808
6672
3965
5683
6835
5159
9001
9647
8372
420
9292
8380
5724
1851
7007
359
7193
2485
2651
4457
4603
8003
3643
5467
941
7892
9431
2699
5018
2118
864
2185
497
6862
2458
9164
3686
635
5302
5350
2979
1507
5048
7148
1311
9558
500
6752
8467
463
8944
7102
9378
5836
4542
7650
7598
381
1545
7996
1461
4799
3651
6393
6918
4498
6455
9864
9241
8592
6466
6255
5840
2072
9348
1568
3665
4208
7312
6735
519
3641
3347
2059
1847
4464
6452
9583
8572
8099
9483
5149
6566
7899
3288
4243
3492
8049
9581
5381
3861
9851
1691
3502
8485
3597
5329
328
1952
1120
7863
8017
9169
4629
9788
6614
1399
6683
2534
8091
8842
8461
2701
1562
2695
6885
4529
7684
5429
940
3299
4867
3623
6035
5769
5282
4238
3787
4099
5066
7172
3921
7950
7372
608
3853
861
9809
8593
8812
6845
4704
3528
6192
9611
3539
3264
8200
4269
57
9063
6717
9422
1344
5510
8735
4660
8014
6473
7526
8898
5463
8165
6956
6809
8570
4987
3038
7752
1656
7444
6572
6506
8830
7990
8739
9614
3954
124
5166
4133
8509
8369
4921
4520
4392
4416
2596
4796
9783
7537
5879
1486
1623
9393
3354
9498
6931
209
7938
4573
4779
7727
3534
8949
6759
3863
5845
2352
2353
4375
6440
1991
3647
6861
8293
6055
1013
853
8257
3525
8767
4861
9511
1439
5688
2384
8801
2238
8387
6851
2393
3750
6894
7616
4225
744
6313
7305
1743
6556
263
283
1123
4443
5177
942
2223
3920
1905
8695
6278
1113
2391
2819
3237
5163
5444
3650
1129
5889
6260
6340
3252
1286
4011
578
8677
4791
1433
2486
955
1679
850
4612
3161
3322
1664
1018
153
7904
4261
4326
238
1412
6705
3883
6797
1998
9942
9569
146
6607
588
2342
754
454
1891
3561
7245
7279
4111
7097
6824
423
546
4345
1179
6512
963
4786
9382
3545
3310
8395
8707
2107
2610
3809
196
9420
4651
5378
2405
3484
467
382
8567
8376
1689
6310
660
4872
3030
4738
2721
5154
2853
8345
9478
1197
8438
3407
4912
7403
6765
413
1054
3400
2638
14
2948
5471
7078
428
5823
6216
4129
5033
2983
2434
1203
7497
6396
6854
2261
9210
318
2273
9658
2643
4186
6580
3195
8856
8356
8948
152
4572
3911
535
6600
5061
2244
6288
244
6713
9762
6661
4276
6616
7843
7820
4060
5946
2657
9497
1812
2160
7460
3427
9727
6490
9025
4723
2532
4373
8473
2341
7520
5285
2317
2433
3282
2183
6092
3722
7122
9867
8339
7970
6070
8634
5782
631
8578
5681
179
7370
8560
2846
5771
3659
9793
2741
5362
869
2724
7081
69
8103
8756
8863
5558
5001
7932
5895
9999
4967
9255
9150
6886
8771
3560
8483
3735
2429
3356
9661
219
9266
7870
7358
5770
2257
8618
3743
1890
6994
2173
2010
5289
8609
8450
9040
1376
1997
9657
6311
9664
3885
745
6527
7592
9700
2439
1919
6762
6710
2978
1546
6126
5781
3415
979
2071
4257
2913
4926
8878
5464
7485
3901
9056
5323
1602
7672
2639
1200
7024
8073
7183
9886
7978
6567
7107
7713
3811
5408
9157
6833
2992
7389
7291
7976
1386
6715
3110
2020
5613
2826
599
8559
5083
3394
3341
3870
3584
7852
8892
4613
1779
8802
6650
8446
8348
8470
9177
9518
5607
6892
3208
1699
9928
4962
8359
1202
8412
2893
62
117
3047
5653
6105
2769
1154
1574
2437
1986
4518
5113
4789
29
8541
4661
533
72
4342
1772
9880
327
1361
2535
9464
967
4825
1007
1303
2517
5419
5748
9197
4815
2226
9149
9935
1947
6024
98
1100
165
2256
2583
6101
3720
5052
4623
5062
9836
7320
7410
1863
6500
4352
4830
3748
802
1206
4918
3689
1028
4831
5162
3780
232
6919
1384
8422
6608
8977
6872
2420
1968
933
9318
5886
1383
9631
7934
9760
8325
6423
3359
3626
8063
9854
1994
220
7110
7925
7489
1377
3360
5921
1010
27
6792
9639
966
4785
3671
7640
1205
6430
5085
2190
1722
722
236
8296
9452
3372
8384
1168
1539
7668
8963
4801
6622
1724
5866
8352
3995
6335
6663
2201
6508
3831
7413
911
656
1057
7344
4508
1252
3064
7749
6852
6343
2467
7232
9806
7431
819
1072
3456
9962
4812
780
476
7534
7418
2337
6703
4571
584
8815
9954
7867
6405
9023
1780
1489
9126
2904
630
9715
825
6733
2734
1824
2865
846
9413
6904
3501
3335
3668
9233
6641
1700
3782
4616
3488
674
8220
4289
1160
1846
3947
6579
2113
8482
8671
1352
6517
8565
5071
610
2203
1925
9994
6550
6295
4925
531
5486
7430
7439
2750
1719
2053
426
7409
306
9274
2908
9093
5924
4075
128
4395
7087
416
3156
1501
5364
4478
3464
2529
2862
5732
1301
1417
4493
9245
1280
9751
2564
9364
5431
2432
2250
6830
3261
5037
190
6479
1793
7875
5927
348
1819
5888
4173
5413
7977
7417
9158
852
7493
2138
3003
1987
9759
5587
4001
2782
2980
3194
1021
6273
3644
4046
3121
9989
4805
1049
6821
7687
5518
6359
2766
3328
3189
6955
8303
6986
4539
4220
4496
4088
7816
6617
3230
776
5101
959
1119
1394
1915
8455
4895
7494
2325
6771
5741
7442
1161
637
8686
9855
5399
1883
1127
296
8705
950
3519
116
1335
1254
1332
6447
4221
2406
3946
3773
9132
772
1454
2117
9204
8912
786
1078
2116
5236
9079
2926
9108
2855
7651
5221
626
679
7714
6188
8880
9445
4840
4453
8722
2373
2332
6245
1636
3918
5768
5108
8679
7259
5304
7917
2626
7963
4706
9642
6891
1852
1136
2786
7685
1354
5064
7327
6480
7536
9238
8789
9436
2736
2990
814
5126
2888
551
8726
3625
6458
3842
6379
4182
2399
9299
9988
6827
4828
4336
9747
2130
4030
3646
5506
9818
4889
892
2419
958
2141
3938
8400
9259
2277
4652
5929
6922
84
8643
8349
3
7091
3691
6940
7855
2821
8862
7345
526
8546
8397
1668
1840
2194
5731
5196
1944
1548
5654
675
2691
6211
4533
2033
9958
5784
3432
7019
8266
9002
9217
1592
4780
1424
3700
6649
3970
3909
9669
6557
3960
2171
5119
8527
8708
7845
3096
9041
4458
5785
8346
3675
6779
8953
7507
1295
96
3279
7271
991
4702
795
4127
9963
1921
4169
1275
4218
3070
539
1769
2036
2263
9799
8154
4989
4995
642
4680
1762
4914
8525
9190
3225
2961
2668
9428
2595
6769
5270
3592
1406
3939
8410
8264
336
5263
4503
828
6235
9506
9894
1186
6476
5292
1590
1788
3408
3323
7055
3153
2019
260
4736
2365
2388
2860
5915
9121
2728
5315
9544
668
277
8774
5796
6571
3406
9288
6020
1306
7471
9032
8868
5312
5839
5551
8006
9193
4281
705
1196
21
7716
4051
5058
8022
4611
1285
231
4124
4463
9128
1302
3708
8669
3028
6856
434
7212
2127
3512
7451
4163
1242
2930
5918
7842
4730
6377
5107
5319
2941
4006
671
52
9862
9369
1954
9098
6180
4387
1976
8065
6204
9185
8279
6855
2681
3387
6246
598
5367
1427
8627
5778
3517
6052
1820
4880
6258
9537
8417
7018
9833
6586
6720
2666
8194
5740
485
9752
4871
2296
3527
3175
9621
8172
5922
7469
748
5609
6776
9054
5508
4589
7171
9734
4973
7964
6095
8430
401
7980
3929
246
3286
3079
8937
8080
5405
3500
8629
6457
7104
7462
638
1410
3585
3879
1544
8857
4811
5622
7571
2075
6231
946
4136
2620
3060
7234
115
3537
4882
3927
3723
2473
6684
3503
109
5022
5765
1398
4711
2790
9347
683
5961
3271
6065
5816
5164
507
1373
1083
9123
7333
6880
7392
7633
2947
4742
5241
1415
2659
2964
4205
3656
51
7759
8616
8870
9352
9443
8343
8126
757
164
7475
579
3496
2501
3223
5000
5876
8887
9295
3480
7951
1914
9074
3169
935
6400
5188
7483
8594
4383
9234
8554
7319
5934
7015
5426
1350
8317
7665
8013
5397
6825
1950
4116
4176
2954
8496
7999
1451
5345
3487
6770
6150
7314
451
8976
2915
4650
3491
9892
8090
9280
390
9069
1279
9118
4110
8368
8782
1112
9389
1231
7399
7049
2366
7195
5536
7313
6564
2370
6657
856
2859
4196
8946
6319
2512
3470
7781
5491
616
4552
5947
7249
5611
2192
6434
6925
5294
5422
1902
7573
3766
7090
8332
4249
3808
9599
1474
2507
3637
3704
9503
7748
6413
4079
1469
2412
7282
8558
9076
3309
2505
3958
9216
9825
9637
5494
2628
9291
6876
3318
3326
8577
4029
2121
8282
6840
7048
6555
1270
7274
5303
3128
7884
6542
5556
2619
3604
8164
783
5123
5354
8168
8082
1502
7807
8526
9435
3884
3755
5604
5814
5853
9485
1052
7061
4403
7086
9791
4758
281
1941
2732
9384
5999
3631
7789
9362
7161
7103
4260
8081
7416
513
4250
7611
3966
995
9808
6648
34
7200
6221
7985
5906
1530
6888
2658
9353
7398
6074
1740
9473
5268
7793
1515
2919
1860
885
2788
4422
4332
5795
2157
7236
8290
586
1060
4724
2035
5504
1647
1475
1348
5218
9129
1356
5932
4917
8936
1232
5656
3089
6997
4627
3881
6619
3998
6163
9471
4608
9265
7509
3485
3792
25
9656
9469
1655
9781
2411
7638
5349
7558
9649
1597
9028
8077
3695
6106
9712
1948
6877
1662
8497
7988
8778
981
1259
9692
1817
6656
516
854
3593
8420
7779
214
8421
9375
2652
7918
4858
7585
3721
7000
7604
4560
3004
9459
6789
7005
4770
7728
1064
4431
2604
9906
3287
8273
1943
9542
974
3377
2825
1458
3968
1875
7513
2781
8923
2649
7554
7474
3587
9489
6714
9768
8647
3666
7543
3217
6638
7185
304
9277
5880
4189
3018
1016
3173
3979
3570
9699
3348
8757
2120
3410
6692
6707
2197
1758
1956
4047
4412
4314
129
6666
5779
4462
6697
4767
5401
1858
2198
6329
5082
7355
4256
2910
8245
8690
9500
154
3100
8424
8187
3145
1730
8333
751
1289
3552
4032
2922
6968
3658
6173
4638
58
514
494
6256
2544
1910
6044
2537
6865
4419
1122
9458
8615
4870
4338
3776
1044
7740
9285
375
6834
3690
8383
1492
5821
5690
5841
2247
6240
9492
6917
5897
440
8472
4062
2140
2021
9064
2443
5608
7649
3874
1251
2423
1081
8221
4862
9490
7386
1917
9225
7404
7077
4277
2670
3238
2513
5398
73
1906
889
4734
607
6927
5234
6403
276
695
9027
2662
2589
5717
1563
9587
6468
4757
163
3509
4896
3436
8989
9579
5414
831
8866
2521
994
4293
4722
6482
4841
715
2542
3801
7690
5136
4434
3229
712
9663
4823
2191
5726
2997
3016
5097
5274
9543
6674
7572
2738
985
7933
2081
4554
6802
67
5029
7835
5660
4677
3835
3676
7034
3681
6624
4334
8488
8289
9573
389
2950
5316
6039
5281
3324
8425
4366
8031
7767
8539
3043
3878
7010
1307
1637
8337
909
8177
8698
6040
3302
5847
2233
4754
8140
6323
9174
890
583
7797
8619
9634
2693
4102
9967
5284
233
4832
5562
1984
2955
3444
6837
1273
5710
7385
6083
3914
6577
4282
9082
8907
2682
684
3799
7109
4393
7969
7219
1705
9495
310
8776
9122
1278
8645
3219
7552
2508
9499
2297
8216
5256
6071
1518
4139
9964
3162
324
6032
6727
3849
8083
2836
300
9309
3922
956
2431
5089
8313
8672
3422
9331
7954
3231
1955
6761
5498
2795
395
7396
2131
5916
3815
7819
2150
234
798
2292
9251
8903
3345
7601
9170
6365
6272
46
3982
9406
7505
4415
9207
4915
3733
6315
7564
6301
9539
652
6233
460
9350
9567
4380
1640
9517
8532
3953
1143
8886
9595
4648
6244
524
4279
5298
6407
2752
6175
961
3203
6743
9341
7001
6549
365
952
3714
8211
901
7214
5756
6596
3059
4563
443
3880
2046
3449
6444
447
7991
9625
884
9087
3610
3266
6584
7521
5153
5096
4479
6545
2047
5565
7338
5144
9509
6420
9304
251
3120
3753
2765
95
7821
9505
7562
1859
6875
3724
5885
3754
822
7979
6352
1519
3414
8227
1381
9281
9462
5942
2999
7512
3620
7496
4071
8933
1595
5278
3146
6185
947
7677
4148
3762
8318
252
3779
4633
7412
4161
7074
4975
4845
9801
7508
5935
4545
9131
5583
6014
5701
9713
2082
6336
5894
7047
2438
9841
5079
167
4905
5449
169
7986
3934
496
1287
7814
6078
5994
6590
1023
5993
9380
1810
1316
3936
1319
6202
8009
5391
6114
2125
26
2866
8851
5636
4928
8859
4822
4699
487
9269
6409
2086
8938
9187
1786
8242
1164
8846
1694
6942
3540
8390
6686
2798
126
5318
353
5593
7540
7114
891
102
7243
3908
8389
5051
3850
4135
6380
200
6064
7336
5873
149
9821
9643
2688
3816
7229
2678
5715
7240
4561
8130
4470
1177
7075
7128
91
9810
2040
7939
4365
6085
49
305
7027
1841
5421
8096
9960
9902
6560
333
2241
4009
8832
6257
6630
3419
7906
452
7030
4322
7706
623
3817
7199
5674
3907
6481
7653
9641
2479
4346
3138
1082
1090
9915
7800
8954
8176
6723
8159
3451
3805
6284
6118
6424
4339
7570
922
2965
2199
9728
7901
7524
342
7575
2959
2052
3804
4128
198
7868
4160
7082
9593
1095
7133
2333
2153
5024
9796
5102
9723
3376
3607
1807
6279
3999
753
1135
6847
3308
2155
3314
4191
2594
6978
2751
184
9512
7286
3798
7578
3941
662
3144
582
7119
6826
2260
3924
7778
5231
4427
9400
3867
9017
2350
5817
3752
7242
2607
1996
1934
4587
2269
5572
2016
2442
4794
8465
5120
1585
8115
5519
259
8434
8098
6543
1752
6220
2245
6548
6677
4933
3150
8344
8720
9773
3950
7603
4598
462
8382
4643
7958
960
2069
2048
5963
2917
172
145
4187
4913
5623
5484
9470
6155
80
2768
5324
2772
5965
6121
334
3141
9913
1207
2977
9430
2111
6131
6441
1159
3949
1606
3906
7448
8042
7569
7352
1899
8658
1467
6262
3533
4353
6079
1862
301
9685
9549
1701
1877
1145
9824
8217
7691
2258
9623
6030
2097
5314
3071
6263
9035
925
6897
880
7046
7233
6757
7762
7811
7137
9897
1865
4556
4325
2925
9572
3827
379
4808
119
8039
3000
505
1323
2230
9095
8028
1586
6432
7426
9339
863
3586
6195
6658
6087
5682
7772
9797
99
977
4122
7384
6081
8413
9480
9893
8703
4404
2571
762
3152
2780
3113
3278
3009
589
4309
4787
1695
3336
1972
7390
8885
39
4057
1266
4541
4873
6680
8632
5617
6417
1933
6730
6252
8795
373
9741
3518
3468
2416
8409
3709
9106
8996
8112
4184
1084
7142
3413
1596
3218
690
3381
3688
9602
8993
1326
5388
4857
4259
6748
1248
171
9055
6944
2463
3107
6368
8777
797
2039
7043
7506
4475
2477
4274
11
6341
2578
7735
4492
1450
225
2058
194
1685
5266
7972
1576
7794
9385
2322
6744
2225
1147
4516
8411
7943
7518
2704
1218
123
7502
6290
5340
4622
1357
4213
973
8961
5286
6751
5459
8729
4595
3154
5230
4084
8270
3551
9985
1175
1790
7434
4067
9109
2358
986
8655
5767
3836
9659
3090
4026
9630
4739
5046
3197
4910
8848
702
1253
1262
4439
640
1641
8215
5546
3251
1873
9973
3489
2796
2789
6539
8928
4641
8025
351
9802
8694
4408
2091
437
2093
4816
4664
1256
9800
1452
6781
6123
2784
8288
5898
1550
2560
2625
6669
8566
1645
9675
2364
4330
3083
4233
3193
3411
939
7359
4683
9718
204
620
287
9467
6426
8590
2996
6524
3174
9372
2063
8656
8044
405
1718
4568
5652
6332
2014
1460
6867
3283
5801
6299
3781
6060
1220
12
4171
1324
5478
9795
8865
5023
9792
4923
3810
1760
2804
8839
9815
9576
5031
4922
6117
8919
5891
3603
7134
8779
1808
7805
1726
8458
4137
7166
4863
105
706
7809
5141
8506
5173
3046
2770
1711
1782
6613
6921
6747
8388
5807
6496
9875
5078
8441
5451
8241
1233
9009
7844
7008
697
274
4803
2229
3078
5293
43
88
9337
5837
6488
3205
3744
7003
3388
4381
7322
1901
8143
6696
8623
491
3682
3494
3538
7825
9030
670
3617
4177
7092
9545
1652
7734
1676
9845
3437
9316
9937
1166
4590
5155
2710
8900
3664
5036
2849
1942
4515
4916
5251
5576
9104
9387
2321
9013
7589
1723
3522
4199
3559
8853
1195
9007
9603
4107
7907
4295
9515
6408
760
5049
6874
3790
8731
6832
7163
1393
6501
4978
1939
3891
2791
9568
1611
9868
1002
8521
2200
4446
6307
7514
3073
1521
9530
3860
7130
2088
7301
292
3454
2451
9355
5068
3703
5790
1070
5811
1035
4673
6104
1038
4772
3275
4002
9679
4000
4605
2427
120
2549
936
5786
1567
9941
4251
8280
6361
8118
4869
9939
7542
7902
7525
1313
2361
2181
3370
3104
227
3498
9804
3457
653
4285
8471
2289
2828
2235
4435
1766
2400
708
691
9491
8097
2674
7209
6108
9605
555
8530
1299
805
6652
1020
6673
7671
2669
8104
7340
1804
3772
6190
9152
4200
8910
8899
605
8113
3305
3962
3855
3602
5676
8685
7632
6984
5561
6249
3532
1067
5307
8908
8882
4086
9753
5320
8373
7260
1920
9624
6302
2530
9592
218
4614
6373
2757
8817
5819
541
7479
378
8687
4569
6001
4491
4876
7337
4164
7595
4887
5202
2055
4467
6151
2617
785
9538
7883
4389
4731
5970
8375
6239
3058
9981
7464
4713
4668
6813
8838
4230
7146
6902
2338
9026
5887
6254
625
6816
4866
1416
7042
7129
9984
504
1985
4092
7197
307
6010
2302
8836
5858
191
3177
5977
4878
6156
1763
1498
7840
3917
354
2328
4537
1735
667
7744
147
5638
8534
158
8987
473
7700
3074
309
92
68
2096
3155
4954
9322
9617
2210
8061
7432
7953
1648
4577
4376
3678
4920
3619
8050
6234
1215
8888
522
4159
9853
5219
7093
8459
2456
4526
3716
2175
5432
4592
3856
4167
5644
6612
5247
5116
8305
2430
2811
3582
4521
7072
6448
5704
3025
2680
7822
639
2911
7626
4678
8258
8170
5178
3608
4039
8452
8075
3182
8670
9438
6177
8213
5872
4662
8051
1488
1671
9814
6232
3655
721
591
3476
5736
817
4242
5139
3590
5423
6027
2284
2240
6659
2587
5338
6383
4535
1194
6724
6883
8855
9135
174
2606
1560
9990
6274
7712
5249
1540
2675
315
7657
682
1212
5627
5543
1296
4666
1025
7900
7776
8896
9419
7806
442
689
654
5258
1039
8505
8004
5182
205
2906
4671
4197
7623
881
2288
6689
4323
7673
7222
7216
9927
9097
5846
4892
5244
6042
3992
8689
1729
6798
6700
4763
1913
8751
7328
5708
3344
9212
3793
2656
7889
5114
6662
1983
2572
8825
6128
1524
7610
7227
1211
1034
2912
38
4582
5962
4040
2457
9392
3788
1116
5104
1778
285
870
9278
4804
3844
9333
9682
1963
3469
3672
1825
3873
9162
3875
135
6494
5957
1755
8199
8301
1001
8955
835
2547
2265
7261
1728
756
1638
8768
1053
2975
6878
5030
540
1510
4440
6587
8649
1992
3053
5074
6374
2632
8237
2949
2722
8394
5217
7363
2369
2418
511
5402
6784
8555
6775
6437
7179
1838
1165
3900
6093
2264
9901
5646
2684
2779
1221
6135
5453
8179
5098
7139
3933
7033
9648
9354
483
4566
1180
4178
1928
3474
836
7164
5435
651
7621
2970
9283
9272
7140
4090
9629
60
7785
8275
5019
2962
3164
4778
4859
2287
64
3380
6435
9807
957
7188
9029
4833
6089
5042
5358
151
3034
5950
1442
468
4270
7660
2830
1056
8224
2282
8890
5828
1317
7453
6372
6140
2267
7017
3255
5148
8700
106
278
372
6719
5600
2747
3346
9286
6884
2998
5874
1300
19
3428
5824
7309
8972
8871
6120
5901
5436
6459
3549
8069
2482
3820
9050
2371
587
2884
9690
9484
2313
5537
4379
2582
627
2760
5443
6164
7415
1657
6041
5650
5832
2474
8033
2932
7456
2584
8055
417
9276
2270
3024
6907
4948
4964
5365
4854
8202
4602
6981
78
7400
857
1106
7659
4391
5909
6236
6483
8419
1795
5833
9073
6926
2029
9139
2981
2944
7173
9898
8439
4203
5649
8997
332
7658
1923
3961
5117
6493
7919
9720
765
2094
6869
9320
7203
804
5145
3621
2723
3254
4311
2841
739
5372
3443
9847
1176
20
2641
47
4072
1658
7221
1625
1981
8635
5027
2566
8106
8504
1681
4081
3384
4710
335
8986
6742
7294
989
4620
2729
4212
9736
2896
4688
5871
6900
4534
8667
1672
556
7607
6172
9895
2665
7194
370
5926
2994
5261
4979
6795
3523
5511
7877
22
7804
4819
2218
7168
5428
6778
3133
9714
4946
6034
8764
5507
3624
3057
742
8573
4817
4980
3222
7334
3731
9636
8637
6540
2579
1677
6817
3366
8193
3683
3423
76
8478
6716
1770
3363
1046
5566
6312
9785
9271
3670
924
2580
5007
4239
9717
1626
6838
6230
5445
2015
5337
3599
1794
5181
5305
7290
2598
5959
2707
4355
9858
7853
7022
3019
4776
6219
36
1430
8321
5496
3097
7719
2351
3027
4708
6314
3404
2557
829
6532
4190
9059
2034
192
7315
4505
6318
8918
8930
415
1369
8780
2901
2236
6158
4031
4958
1391
2621
4557
633
8867
2324
1198
872
9365
6474
5457
6280
7694
5584
5458
5625
2562
7492
5923
9161
8399
5045
4469
9317
2812
545
3077
2362
9134
8386
7263
8515
8684
5452
8391
1363
7930
7946
6484
2387
7040
1320
4224
6537
3006
6983
9739
5112
8588
6082
3701
4934
8692
148
530
988
2672
2940
4937
6122
6799
9709
1756
349
8873
6520
9343
1355
4625
9653
1757
6197
2478
4733
3616
919
6404
6454
9377
7998
2383
7393
8071
8533
3196
1940
2647
1216
6930
5332
983
5580
4835
241
1822
2909
8967
4519
971
7425
6958
4536
5500
103
9472
9615
7428
2124
6755
576
8706
2753
5789
570
2413
8821
6729
7768
729
9294
8335
2452
3899
5513
506
3313
387
6387
1572
8185
2220
6486
6709
1659
6949
7406
6836
655
8564
8736
9130
9830
3741
8675
4694
7683
9819
3430
8990
841
6134
7636
8405
3526
1773
1491
4500
6363
8208
28
7228
2441
7808
2864
5753
1815
6369
9513
2145
5538
9923
7266
7343
8999
9226
7801
1784
1885
2219
8353
1717
8792
5684
9227
3221
7310
6184
1581
5070
6062
114
8158
4768
6023
9103
7354
6282
177
8119
3233
7966
9950
9033
4774
8901
6456
1240
1806
9952
1407
4981
6903
529
3898
7792
1767
1624
9527
9346
3840
2531
8174
1512
5383
8153
7783
1331
5406
3759
5450
6136
8663
5722
44
3131
9444
9100
8218
9557
7810
8295
7076
5848
9562
777
9693
2995
2504
5763
6728
7557
498
8650
882
2309
1896
7612
2525
5917
3273
5272
1897
4034
5384
5958
5130
4982
2895
2588
2702
9758
141
1570
9531
3065
3618
5637
5336
9881
893
2899
725
8285
7760
4624
2536
8660
606
7566
8924
3580
4378
2002
7859
8985
1774
6901
5404
4547
122
7631
2311
4938
211
6218
2345
5851
6844
6810
1269
3087
7277
8850
8701
7257
8486
2642
7023
1599
8763
8970
7780
5124
8367
3915
2802
6283
8809
3393
6015
7449
9287
4246
5100
356
5322
9676
50
7218
5930
7833
8520
8621
5949
9803
5295
628
2344
2239
9975
8429
1446
2367
4095
508
5754
3794
8447
6732
7224
3543
6857
2164
8599
5808
6999
6265
4502
7689
8477
6443
5794
1011
3048
2660
3558
2205
4331
2664
6238
478
5524
1830
692
1532
7009
554
3211
9417
255
951
4321
5235
9247
2687
6176
366
6154
6416
5618
9160
6841
1288
7373
3130
1101
4310
8445
1277
3774
4601
257
3756
295
1894
3442
4264
8089
1688
6425
6414
550
5143
5691
9691
8563
8341
8939
5169
6006
8617
4438
7553
3256
7068
2635
3765
758
4202
6214
7361
7602
7438
5557
8139
6268
8964
3715
5069
7071
2112
5675
2493
4413
521
9012
650
8366
791
1505
701
7436
3466
1271
1666
9754
3066
9671
771
1751
7718
5734
3147
1710
3830
5121
5503
8727
1281
1291
2054
2829
9837
3479
9221
8043
2017
4418
2863
7332
9224
9065
1591
1388
4853
4485
9366
6309
1236
3285
8794
2844
4302
6521
2690
1479
1235
7063
3184
4575
6849
9421
1800
9411
3291
8327
5407
3771
9021
9140
4117
7903
7617
7960
6568
9945
3751
992
4010
2436
2785
9010
331
9068
5679
4593
9744
391
1876
8134
2166
107
8448
1957
3910
9142
8921
1629
9905
8354
8481
6102
7935
7860
5844
4361
2242
3118
8960
9136
5211
2993
7730
8791
9297
8688
8922
6237
9584
9729
8788
2673
547
5973
1434
329
2976
5662
7326
9456
7080
8053
9466
1754
8661
7265
7547
480
3405
5568
775
9143
915
5482
9235
1347
1559
7138
1529
618
6321
5952
894
1868
5360
1003
7836
6428
8236
5759
1918
8385
2243
4194
4604
4368
1155
6046
5493
2327
7248
3589
4842
2098
4223
352
1005
7864
3711
1137
7084
8712
763
1642
264
520
9263
2881
6410
7886
6086
8516
1598
932
4904
5492
9477
7703
4715
6588
8934
8205
5659
1816
4364
8451
6581
3316
8167
6534
3049
9083
6970
6803
5015
5412
7646
4953
2027
1121
1441
170
9674
3893
7994
9441
9856
4206
6148
3897
8717
6442
4790
9978
3349
2268
9048
1346
4069
6381
9977
7484
4899
8015
7681
9248
4762
427
8895
2509
2146
489
3730
4231
5109
9522
2174
2518
6460
3151
5766
6080
1809
4245
2152
9743
4511
1970
6693
9910
3201
9936
7241
1632
9900
3165
4806
5523
3514
766
9236
7736
3062
5201
686
764
2149
5348
121
2355
4141
4864
7643
8652
1130
6946
2882
5631
6932
6499
7480
1462
1098
5438
1004
7787
1593
9442
5975
7383
396
2167
790
7096
7306
902
5735
9703
1086
9711
5699
4061
7407
4657
816
1436
8312
3260
4510
5890
1733
6178
6212
9777
1654
450
7795
975
8357
6746
9457
4703
399
9995
812
8542
173
8030
2569
8947
9698
2837
3609
125
811
6718
8958
9085
5616
4158
4874
8355
3932
8062
5910
3013
7594
2074
7584
2725
7675
6615
2878
8902
2499
30
5352
2386
1490
4354
3555
249
8463
6199
6033
6427
422
4716
3040
5830
5896
7303
2115
9159
1608
338
6573
5983
5460
7254
8046
2889
3866
3292
4241
9112
1989
3351
7429
4684
5501
408
9336
2989
538
5640
9850
4881
7466
9668
858
5925
3825
1787
183
5470
8630
5156
398
7284
7777
4513
5495
4827
419
2727
6050
568
3974
1349
6217
7591
2515
9570
297
9582
7369
5187
5812
6681
4284
6551
6990
2799
5809
1085
3307
8528
873
1605
913
3171
5797
4308
5868
2043
3371
1238
1982
2123
3725
8975
8243
4229
779
9764
4252
4576
9211
8475
6491
7177
9547
9325
3482
4588
8342
2593
6998
8300
4449
94
4
5461
9556
8109
3652
562
810
7495
5291
2380
3818
6505
4691
411
2449
8824
5594
2307
6137
3198
8962
2624
5838
3023
7818
4818
6325
9992
5355
5342
8084
944
6913
5530
4784
7450
1649
1089
7258
2700
2720
4100
5192
8522
7620
9173
4074
2022
364
2305
6429
7318
6406
6969
8209
1045
8092
789
9857
5190
8968
4615
6954
6618
2012
9202
2276
4748
6749
7066
2797
7488
3017
4653
5559
7307
9451
8427
1704
4370
1736
2184
5692
8508
3657
8854
4583
3332
9735
3553
486
3234
4447
4291
2874
5209
1087
4175
4838
9681
4809
3446
4041
3243
4879
6708
1537
543
7275
8668
4341
2773
8011
4217
3841
3364
9817
6051
4759
9627
6141
7619
298
5370
3188
2605
7517
3588
7293
2490
7993
1071
6462
3843
7516
4005
7923
8261
2813
3680
1938
7692
2676
7422
4153
9612
5227
6706
5194
8877
3569
6241
3369
907
8234
9938
572
1080
4384
7940
5081
1979
8155
175
8699
3967
3977
2368
834
4428
5685
7012
3439
3294
176
6107
4855
9594
229
5183
477
4729
5829
8549
4299
1525
2101
1209
3964
2151
2654
5301
8252
693
8491
1225
6721
3215
6601
8680
4362
1811
8535
7560
7325
4297
3126
8453
7563
3220
9323
4669
6293
895
9502
8398
54
3072
2877
319
2291
6056
3471
4272
5933
5634
8517
2375
9616
2561
2677
2100
2083
2169
9091
1911
8664
3495
4033
3886
8915
6047
2461
5497
4656
3044
5529
6132
3833
6326
542
7576
5387
862
9860
4527
5733
4012
3846
9813
7815
2408
5981
7625
9613
8748
8956
8362
1620
5255
8659
8808
6831
980
6392
213
6951
688
2696
1109
6941
1697
4621
8523
6226
1980
2394
139
7217
9672
6643
1260
8770
9107
2715
5545
6525
1639
8068
7741
9101
2401
5721
8363
9940
7711
4955
186
5489
8086
1432
2044
8917
9525
6075
77
6870
6495
2685
8583
4884
8576
6631
4357
4130
8319
968
6037
4769
6193
2603
6933
1886
1523
2483
6637
3008
1578
9222
3736
8255
9182
66
8709
7824
4574
7368
3872
5277
4451
8678
7186
1781
3280
3490
8822
8557
5610
7356
3425
5908
8682
5680
1614
1249
363
5075
8942
9535
369
5987
525
136
2646
9414
7035
5742
1589
6750
8849
2540
7351
3357
6860
3819
7321
749
79
1826
803
1102
1092
6445
2963
9866
4089
3824
3181
2991
2937
3143
7891
7897
1990
8244
6320
770
8401
3636
5686
2303
8550
5579
7615
6801
7916
9733
9951
9532
593
5780
2873
3888
7763
3011
495
7252
645
1607
9099
2510
6115
6794
7353
3902
843
1577
8274
3293
9404
2290
4232
7270
8229
5151
7253
1907
7839
666
3556
9008
8378
9315
4618
9273
7699
1214
6818
5792
9996
3022
386
2381
113
5344
6668
8423
1653
5415
7465
1771
53
5615
5132
2867
2939
293
3094
4188
1419
590
7459
949
3473
4798
3277
5044
89
7145
388
272
3085
140
1294
6634
5978
2168
6004
9934
9415
6096
4179
4676
6690
7742
7599
5552
1327
9501
3976
5300
7723
9038
878
6207
8087
4640
3923
9761
7154
9290
7644
1946
3342
9716
1261
8268
9914
8093
9390
8012
4280
5347
2090
2049
1008
5862
6402
931
3520
5698
1426
6345
1026
3378
2271
5592
3871
823
7491
9425
4316
3696
3158
2880
3707
9268
6915
4058
731
8034
5448
2320
5911
5465
5385
1144
5103
9710
7020
899
3697
6756
7238
6777
5730
4195
8653
844
4328
7739
6569
6206
6544
5997
1048
282
3421
9507
6864
8432
3420
3763
7766
3478
8884
5264
8454
1663
2555
9376
6654
2196
2308
6061
8745
493
3541
4983
4728
3904
8631
8371
9487
9334
9448
7041
9351
3847
6088
407
130
5564
2935
6741
424
6889
8005
212
6698
6294
8328
3896
8442
7546
999
8444
5043
290
6599
9662
7391
6276
5544
4907
1463
4540
9798
6072
1375
4409
7004
7026
1706
1030
2663
6186
3050
9721
1304
8108
9329
6962
1616
8137
9574
9979
2956
6576
3005
6113
3757
4411
17
8625
291
8183
1131
537
3012
4974
8306
7244
7463
2114
7445
3993
6317
4327
7250
3389
821
1759
4654
5115
634
8905
8256
8160
3192
4707
1423
9610
7669
3567
1973
7984
3868
1312
2807
1587
294
7189
9250
9231
9722
3249
1495
5228
8460
3699
9184
3084
2554
9909
6538
830
860
820
1783
15
6593
479
672
6912
7522
2683
7374
469
4777
7761
5706
8724
9243
4288
6354
3137
1708
5641
4013
6243
6337
8847
4865
7698
4121
4126
6112
1267
2879
1569
8150
429
6450
4685
3191
9878
1749
8379
6800
1321
9296
3679
6067
8959
8267
3127
8969
9447
6391
2466
5035
9388
1345
3160
5624
5333
2612
3702
2372
5131
1615
4635
2942
9090
719
8464
678
5193
1237
4646
9045
3338
4901
6210
9219
8315
7283
9635
9205
3317
402
9586
6936
7050
7674
8456
9652
492
6143
8377
6094
9332
4448
9370
6222
6553
5677
603
9561
1493
2455
4108
2565
2251
581
7472
9165
9590
1872
8364
5311
4157
9955
1878
6982
4743
3390
6053
8543
7796
1575
3578
7481
9633
9770
9345
1163
499
3605
4201
1517
6011
9257
4630
185
696
2957
8462
6376
464
9262
6215
2374
182
5573
6766
3865
3268
8240
7262
1844
1187
2415
8716
676
2890
8265
6546
710
5522
7231
4347
9607
3207
5417
3640
4382
7175
2927
1385
6203
4564
9356
8038
5065
8753
5857
6910
5581
9163
7039
1744
7888
8302
2060
7941
7663
1738
4929
7278
1927
9412
9931
8897
3913
8624
8606
1151
4909
3803
1473
2892
4559
4044
9944
3806
5777
63
2523
4016
1853
1283
2003
1855
5028
2567
2045
8816
5038
6054
7695
801
4183
6270
1276
3568
6632
3076
4388
2731
2494
879
6399
1499
9240
5334
7029
9383
6977
8133
280
2550
6446
9726
569
2147
7006
1898
4417
7911
3180
3937
2237
2459
2918
9665
5700
8911
4407
6208
5869
2539
6008
8807
1682
4131
6152
6959
8123
5197
3475
6330
1339
7143
2042
4343
5606
838
6338
343
414
8714
2568
1803
6655
4991
8141
6640
337
4891
3373
9787
4550
2246
5026
887
7715
7095
2558
743
3845
1613
5160
1526
7590
7182
3510
3674
5474
5728
7112
7947
8271
208
6103
1024
8195
70
4265
4329
9774
2905
2634
5938
9239
8132
3362
4452
2462
8474
7424
6992
7850
5861
4802
4172
5091
4266
4402
5976
4162
8820
9398
787
3984
4437
9427
5357
2011
3614
3226
4885
9947
3458
6739
3653
6712
6980
5772
4025
5696
5446
9838
9957
9789
1644
2480
2848
4244
503
8060
2744
8626
9062
3784
7181
8308
7118
8747
481
6644
193
5395
747
5525
8598
2713
8943
8178
3021
6119
237
8008
7299
97
8914
9956
3179
195
3434
5396
928
7207
5614
4112
1761
1226
4396
2068
5361
5425
699
7887
9516
7893
8007
1340
7405
8298
8144
2228
2500
3821
6552
2972
8906
9308
7622
7750
847
4972
799
7380
1768
438
6366
4049
1627
9395
189
5063
5619
4465
3112
2156
5213
4717
2195
6531
9600
9959
8147
3441
9298
1292
7002
3325
9724
3368
8088
9696
2347
3142
3857
2133
4942
256
7350
2293
8761
4450
4154
6181
2938
3329
1874
8982
3412
5411
2340
9042
510
8189
6453
4471
9705
2319
9565
5672
1199
4692
7989
5982
9889
3033
6109
8116
5798
262
3424
1903
7879
3304
3742
5168
8292
1937
2934
8620
8547
2469
9920
574
7670
1721
2232
8828
558
7830
5206
8775
8374
6247
1428
8085
3242
1378
3822
3550
8000
4165
8056
4999
2777
4360
9403
6671
4761
1031
7051
2548
6259
8078
6510
3361
6100
832
9660
8284
9446
5985
8254
4849
4727
1487
7746
4514
6621
7823
903
4023
916
7737
374
8950
472
1669
7117
9708
7733
3416
3988
82
4783
7152
5441
3645
7600
3677
3426
6890
5802
7036
1097
5111
663
8076
3796
2379
5259
6303
431
5883
7568
4123
7016
7531
617
619
7753
3705
4097
74
5737
23
8798
7031
3297
8019
2444
9124
6967
8476
6961
6382
3524
6229
9546
7165
8913
7468
6934
110
883
9186
6347
3206
4530
7682
7176
8622
3352
7786
8404
3375
3002
4209
9005
8381
2285
8837
4132
2161
1178
8579
6859
187
7235
8228
4155
8058
4305
3698
8149
737
7565
1675
904
874
4578
5527
1565
4219
5447
9314
8772
9037
6699
3365
9418
455
4705
2180
970
2214
7397
3980
9367
4965
3298
3990
6171
5208
9004
1257
6790
4538
1342
8940
3239
4951
1073
9465
978
4996
2159
7664
1274
5013
5475
1438
9725
6725
1465
9191
1745
7981
2323
4551
2448
2967
2847
8797
3452
85
7419
5974
9523
4466
5393
5703
1753
312
1043
4487
2563
6529
4908
5280
118
8562
6805
1062
871
2854
6224
2914
5842
8883
3737
6502
5528
908
3945
8800
6993
7826
7382
6796
2897
1444
704
7773
7856
1400
9528
5093
1734
9655
8613
112
1481
3116
781
1297
1832
7880
3186
161
4414
8799
9209
5867
5094
1969
1538
6734
7831
7515
127
4254
9264
7347
7881
5820
1661
4931
5791
5859
2108
1079
1536
8810
9740
2092
698
5515
6948
2541
5630
9965
8586
1290
7335
9680
6939
2330
1497
5226
9022
1631
7627
5590
7769
0
3963
1047
8501
681
308
3401
4350
1527
9482
4147
716
6768
302
9779
5
1584
9460
5647
6066
5877
4007
7967
6896
8032
3007
8161
9230
4665
4385
3350
8874
6016
4105
42
3973
2778
7296
6627
740
4850
954
8803
5612
3713
5084
7346
8765
3081
1828
8511
3224
3499
8286
430
5941
7387
3235
5224
2834
1293
9246
5661
6963
7722
4143
6858
132
7113
9670
8646
5855
1190
8746
818
1341
8002
6487
4961
998
3088
5142
1148
7499
4455
3383
9061
143
9137
4567
3571
9982
6589
2929
444
2018
2050
1929
5944
8291
3633
7847
7666
3687
6660
1534
1397
8100
8059
2221
2172
4351
45
2988
9302
8843
2774
1484
2885
5678
4180
2213
8041
8552
5090
71
3505
6767
2827
7155
3786
1459
982
2838
8628
5655
7014
4868
7597
9632
2783
4247
4367
1959
9019
9016
8105
1775
8806
6026
8407
2692
8287
4432
7895
8676
9552
4019
6578
1861
2255
8945
5073
8111
1712
9976
8233
2137
5410
2581
7192
4022
5439
5939
7957
3877
9402
7348
9918
4852
5198
6099
3951
1552
4939
9481
5827
9463
7965
1678
3263
261
1750
2061
4949
8568
409
3091
2817
4745
2907
7054
61
2402
7056
2283
5059
6019
9776
5526
6935
566
2758
2453
3320
1707
8725
206
5331
3889
3991
5341
6205
3244
4617
9000
4725
24
6863
9493
8040
5739
2631
7948
6174
2428
9410
8545
5129
8510
1531
629
7732
3253
921
5346
2392
4420
7656
9034
604
4042
8754
9560
5210
3812
8551
5403
2266
6090
8941
993
9218
8540
2886
2306
5424
3507
1643
4821
2397
2748
5483
9870
5134
4319
2349
6007
9946
3467
6179
3661
3802
9972
2084
4813
886
6928
6842
4760
3944
2871
845
8248
8702
646
8493
5171
898
5954
4659
9555
1353
734
3989
9827
6344
2079
9882
5989
6583
1014
1716
3563
2143
8719
9678
2835
9433
4349
7213
2310
2933
5626
1029
4093
3257
7548
6678
7709
5325
5988
4324
8879
8507
5585
8323
8538
3903
4700
8929
5122
6356
403
8128
5490
5603
8966
4764
2903
9596
1693
3258
2007
1012
7639
2590
9313
6153
5356
156
9916
2740
1594
4970
755
7937
1893
5549
1633
3247
6328
9571
6045
4732
1336
5382
563
2627
9089
3912
5547
9575
3440
5437
8393
5657
4262
1777
2823
3566
6439
6138
3764
18
3978
5865
6530
6269
2787
9228
4720
9508
4755
3450
1881
9780
8601
2073
809
6711
7913
9260
1124
9541
6467
659
815
5992
5176
2969
2543
7550
8120
380
2613
1542
8129
3472
9113
3547
9732
6182
4893
2556
1725
8728
1192
5670
4386
1580
953
5199
5752
3685
9540
1953
475
3892
9757
5016
8219
3327
8781
1125
2767
1134
7501
1882
8314
2089
1960
4751
8502
1138
6130
2312
3109
6893
2960
1799
7724
2037
5723
1019
4303
6384
9312
2110
1483
1051
5834
4101
1884
8021
9024
1554
6645
9589
5990
345
3572
6866
938
2600
9052
7915
527
8066
1241
4940
4782
8750
247
7124
3767
3039
9840
9834
5368
609
6670
5893
6985
8138
432
7500
5757
4935
9948
4356
5215
8730
5570
1146
5502
1849
728
5377
7962
9772
3738
934
6415
1609
8436
5905
3508
7876
360
7251
3942
3952
4522
3099
2085
7196
8998
7743
4752
2806
5591
1692
5014
3429
3600
7126
9987
3862
6367
6489
1042
1055
9885
611
8074
7593
4468
2602
7215
9888
3785
5087
657
2608
4185
2898
2803
6682
2574
4672
9943
6166
3667
6675
8029
410
9115
5687
2409
1063
7297
2735
2389
466
7725
3882
3660
3202
9919
6073
456
3858
104
1864
9153
1367
6945
8514
8489
4138
1888
2031
3111
8826
7486
8269
9645
2805
7894
7201
813
600
5711
6950
2931
5389
2359
8957
303
1796
6005
2809
2714
8607
8740
5487
4296
2471
7912
2176
9399
4847
6038
5998
7971
4210
1142
6908
8633
9391
5850
5746
1246
3581
3462
4192
5863
5826
6694
5207
9237
2207
9844
4014
254
4222
9872
2
9926
3663
3379
376
9861
5574
552
2793
3594
1571
2551
8336
9155
2354
2528
1162
1480
5633
243
2262
4087
2968
4894
8281
7132
3986
1720
9330
9154
3895
6331
8207
9580
235
5760
394
1520
5991
7089
1068
8639
5534
930
1936
1230
5743
2119
1971
9746
3975
4119
8644
3108
7366
3511
9966
5394
4008
5548
1041
711
5326
7069
8531
2102
5080
4253
5456
8931
4997
2840
6142
9510
5041
2655
5246
9080
3045
7455
7157
3706
9550
2447
3037
9094
1396
7834
4207
4015
6582
1091
5651
4992
2842
6828
7136
7992
1835
2843
5764
1889
2833
602
7487
2679
7642
9373
7654
9340
9933
2032
5204
8347
7211
9695
3101
3409
2986
9578
7178
6111
7482
317
3157
385
3289
3957
9407
7928
714
2511
1114
3562
8294
4150
5105
8834
7774
7997
5693
4919
4523
474
1298
2816
6628
4941
9361
3997
3639
9873
7609
6804
4960
8861
3573
5643
2717
7577
6722
2694
5516
6509
2762
2080
6306
5088
6782
3333
4507
1673
441
383
7618
3178
180
1857
6667
965
2852
6304
7702
4082
6364
2193
253
6144
866
8831
5912
2576
8403
1411
868
3497
8047
9479
1263
7529
3397
5195
8512
2824
5563
2410
1854
3693
207
7223
5147
273
1508
3431
1833
5517
9133
5386
724
6433
2599
596
5039
5806
6297
5697
6811
6646
3595
6334
5271
1437
7983
1504
2426
5283
3694
1604
6920
7388
1076
4851
2252
6012
5788
4679
1184
7511
7420
2553
3386
275
7226
1448
2887
9293
2951
5118
6947
4348
9750
8749
1309
2858
5550
3601
2746
3216
8875
4544
3262
3086
3402
4944
242
3969
9141
2488
501
4053
7791
2067
2759
269
1558
2801
6523
9591
1533
9344
4401
8181
4800
3554
4340
9529
9534
8641
3148
6097
2591
5420
4426
2764
8166
9043
3832
9188
2417
4927
1805
9812
9887
1405
7362
3290
4226
3274
9749
8951
5077
5133
5125
5729
5716
4586
9820
7331
4461
3854
3795
840
7149
7838
3622
6201
2737
4236
5598
5705
5884
4460
7606
3281
8299
2516
101
1478
1731
6991
3139
8793
1856
1543
5761
2730
9071
6651
6322
7062
4634
1687
8487
9771
1494
1829
3276
9980
8310
3726
9932
9305
7959
4027
3135
900
8845
9189
7586
1022
7308
5532
9488
4682
910
4594
6398
7538
8198
6516
7559
2208
1440
876
1541
7198
7851
7342
5966
7324
8192
5776
6701
1457
7828
5454
3353
5275
4091
7545
5986
3447
2136
2902
9835
1951
1823
7285
288
168
5216
9078
5520
4318
3463
4924
2623
178
6879
768
1696
8048
6726
2057
8591
1222
4024
7896
4990
341
9609
661
6471
1126
2708
8681
5054
8503
7624
1191
9924
8980
3185
8024
4301
7120
1264
8638
1455
9306
6422
7013
3727
5185
3391
4988
1421
435
720
2126
1201
1156
5725
7944
4984
4104
4719
3105
8935
5203
9405
7764
7470
2754
6526
4856
8338
8232
2711
3747
4333
8222
2856
4268
7756
4897
9925
1765
8852
2749
4966
730
6
6048
4359
8146
5870
613
6868
6305
5067
3596
3061
842
9689
7661
5099
8585
9767
2614
7614
9261
9020
1764
5673
6009
7473
2476
2633
9408
1453
412
6159
2278
8340
6124
8414
1930
9449
6248
461
4307
8392
7613
8500
7433
8741
3632
3134
4080
7975
4647
2030
7125
9386
1646
5222
1153
1496
9683
517
347
5468
6421
2464
9496
8604
9911
2316
5953
3163
5588
7926
6227
4883
727
7204
8057
9831
8582
5628
647
1932
3557
9198
2139
3382
2304
9374
5709
9903
8457
3172
6906
9701
528
1684
7256
5161
5567
8320
6401
1380
1204
1429
7765
1908
5860
6183
7045
9179
923
5254
6504
6209
3465
6477
2519
1329
2742
7866
8893
7973
1227
641
7945
2958
6298
8249
2498
75
8755
215
5110
6465
7323
6533
7523
4765
6395
9057
1250
8064
6057
914
8814
6676
3531
6774
1880
6497
8732
7908
4146
7799
8805
7530
4744
7754
439
446
55
8571
2414
680
6937
6170
4313
9429
6745
5762
906
2215
7974
1244
984
9559
3119
2165
2286
6974
6068
5964
5738
2650
1371
4773
3574
5343
1409
5605
4215
4472
9666
6611
4363
2982
8235
6536
4701
855
6610
1170
9206
5392
9869
8169
5057
8529
4968
4930
5220
7528
9677
7758
4115
313
917
4584
1785
371
1040
3014
270
5601
6003
733
5442
9640
1727
9327
3269
5822
5960
166
1015
9748
8603
1006
150
9147
6125
3749
512
6213
8023
8102
9551
6292
9167
4335
2706
7375
9201
9896
404
8995
4125
5533
3115
445
9349
7272
2630
8858
6147
6625
6786
3122
3032
9686
7871
3916
5882
4170
1037
6503
3067
1183
9597
6626
6815
9564
2335
4580
1522
2066
7803
9326
8498
5719
1217
6563
137
1709
6411
3056
4771
5936
8657
4969
6346
3684
6059
1618
4065
7377
2703
4994
4959
1174
7697
7858
9256
4114
7151
7556
9654
6286
9196
9440
746
9175
7371
6518
6370
1104
1213
7167
4068
3828
8095
221
636
4482
4430
7060
9125
1075
7378
6348
8994
8433
4237
4903
9618
9254
9335
6461
5665
6620
7311
9742
6146
3015
7579
6084
8640
9011
4697
5695
7567
5718
7457
3041
5137
457
9208
4824
3613
1058
6129
1
3395
1630
1401
6189
9432
6316
6639
1827
7292
5727
3228
2763
226
5157
5310
1551
7379
7376
6324
87
1422
8365
1737
1108
2697
4429
6438
3635
6547
2484
3930
7846
6760
1158
9084
2148
3374
9053
3396
4952
4294
3210
920
8651
2870
6139
4826
7365
7574
453
9058
1445
1210
4781
5008
5223
9086
7596
8479
3448
5243
3692
7360
5799
6685
1443
4070
3838
595
2272
5967
1931
3392
5531
7832
1867
8786
8136
6594
7100
782
1509
773
8610
1395
1670
5252
8760
8238
1573
2065
4488
8773
3453
1132
8396
7726
7679
1813
8697
1404
7869
2315
7255
1791
1610
2259
3051
7849
3399
4714
6519
9006
1133
4400
8206
4480
224
3459
4113
5306
6814
997
471
7747
3069
4020
8001
9871
8784
1449
502
929
210
9015
927
3642
6127
1993
1964
5032
240
7038
8605
9536
5287
8518
2776
9891
3745
7443
4599
3149
2601
7995
3031
1314
4753
1600
4083
9199
1017
4525
1792
2832
5128
5273
1420
9275
8589
793
5578
3807
2435
6149
2869
3240
5473
9242
4848
1343
6194
5488
9719
5984
4399
8297
4886
6077
223
6629
6905
248
3250
5253
3259
1066
1305
5996
5095
806
9486
7605
1000
5931
6250
1431
299
9884
5787
3814
6554
1115
9993
8499
9865
2179
8979
2454
5276
5020
9267
3598
5899
3236
8484
6609
6296
340
3770
5671
4532
3136
4273
6808
3227
6198
5582
7364
8171
1732
7281
3813
7044
1842
8426
8734
7411
6378
6394
400
8711
2064
1617
2506
8693
2883
4810
9368
1995
6145
6535
2611
2202
3460
4631
4235
2928
6327
8600
8988
9554
3837
2051
1464
4287
4718
4283
3746
2154
7837
4486
9953
5135
7841
1869
9047
4337
8881
1628
2188
8117
8127
1208
8971
2496
5667
6758
6604
7316
5856
3987
5376
3331
9051
8904
7982
1802
7729
6952
5980
7210
7873
4369
5050
6823
3140
2248
8925
7581
1741
5951
1958
5313
2227
5363
851
4844
7059
6976
4793
4290
7813
6036
5288
4473
4558
8602
2985
3355
9111
316
3321
9876
4888
5571
9453
8844
5239
8864
5184
8201
515
367
4797
5995
7169
7144
9577
7437
2709
4144
2818
3204
9949
133
100
3417
9117
3265
5577
1916
9816
5297
3106
6687
8612
9832
433
2712
3536
7295
875
9874
3971
3943
9
3483
2465
2820
2900
8819
5186
867
5485
4474
4945
6574
6342
3535
41
5212
7187
4490
6371
6691
5940
8156
1837
585
6013
788
8186
5969
5835
4756
2189
7630
3925
4066
8889
8965
1703
7289
8010
9213
5629
9116
1059
7162
7127
3124
7268
6972
7629
2470
4064
3829
5805
5353
9848
1904
4687
9644
7931
5309
4398
5831
9310
2526
5813
1027
8723
482
2135
9588
6679
9475
1408
7458
1370
2300
5170
8330
1065
7401
6665
5290
9823
3985
9969
3546
1514
4018
2013
5430
2128
5602
9437
1193
355
6592
9092
896
4735
5379
4875
4054
4004
7861
2857
59
7021
5257
6289
3887
6850
7276
3732
4746
4693
5803
7720
6228
5416
9619
7184
7025
5440
8316
8079
7827
4553
1836
5554
3506
2253
4204
3209
162
1414
9461
2363
4410
7757
2038
4441
9049
2570
3848
9782
4216
6049
4836
5694
1425
1387
5175
484
9381
4181
5434
750
658
6169
8148
9363
7225
7150
7628
7731
6281
4444
5878
6028
3775
134
2671
1182
8758
1566
9357
2446
7423
918
5774
7098
8920
735
2390
8251
707
8492
677
5689
9358
7052
2122
9303
188
5512
518
35
8437
621
4168
6740
553
3577
4985
2440
1094
6196
8584
2077
3010
3669
8262
8490
8188
9745
3940
7914
9526
8283
4846
3315
4423
289
9455
4315
7588
1169
2984
534
8304
8721
7802
321
5658
6485
897
3673
8974
717
6812
4484
648
5666
8654
6829
2945
6973
5639
8981
3544
7302
8544
1318
700
4637
2000
8713
86
2733
5702
181
4971
2425
2794
5586
6788
1564
1185
1635
2404
2924
2329
2845
4056
8595
8370
1698
142
3579
1061
594
3948
2357
5455
6924
7381
5106
8495
9284
7910
3564
8124
361
9585
784
5053
5505
8052
8932
9220
4712
2872
1390
7116
6763
5462
7708
5472
4690
8350
4740
2254
9215
326
1366
8769
3337
5214
2299
228
9638
7561
2356
1814
2129
560
2331
5972
7467
8418
320
9203
1471
2006
5380
1111
9494
1219
1848
7532
7108
5374
8665
4320
245
6702
6898
4459
9883
5242
5469
8524
3634
4512
1310
4481
5668
5596
622
2920
314
3330
6511
2653
1167
9626
837
1818
4454
9081
827
4674
488
1892
1359
8818
848
1962
1470
9769
32
1247
6513
1924
6287
2026
8916
350
9072
8180
826
2640
258
3521
4442
9890
5265
4998
2028
3176
9877
1338
1667
9849
6031
6412
2851
7717
8361
8984
2831
1588
3926
6285
4344
2745
8710
8614
2336
4495
3864
2618
4037
1382
4436
2497
9396
1365
330
8026
8636
4445
9794
3295
1139
9765
4036
8331
8648
9151
7267
2025
649
6333
8556
3629
6753
2377
5818
4504
3367
5229
4048
6000
4977
5321
6308
3241
774
9521
4085
4950
8210
1556
1141
9148
2719
4681
7662
9300
2973
5509
9166
1466
6575
8152
5852
7414
6021
8909
8358
3284
4528
8580
7890
5240
16
2186
4477
3529
7141
3075
377
3020
8435
4489
6043
3438
614
7539
1368
4737
1674
4649
8226
905
833
2946
3117
8151
5433
216
217
996
5086
4038
4390
5539
5317
202
5034
2187
4198
5712
7645
6623
7435
9096
7745
4377
2158
5900
7073
5328
5481
8835
3935
2170
8196
7064
9852
8840
2087
2281
2636
6839
5200
5560
7817
3445
65
4570
1258
6853
1821
4433
5750
4663
5758
2279
6469
6633
449
2921
8744
9697
3513
5575
9039
8054
6960
3876
1149
9338
7147
4644
1472
7160
6475
4696
4312
8876
9929
7402
6431
1272
9983
8324
4834
4741
1117
4943
3001
2718
2800
144
2966
9563
9997
3839
8173
5047
2450
2445
9822
157
9846
6225
4606
7503
358
9328
3214
8519
1912
6772
1879
1223
2009
2134
2407
8927
565
5138
7710
9229
6339
4258
2209
2318
6738
6966
7441
9468
6133
5010
3869
1330
1746
2076
7549
1831
397
4193
5400
1268
6397
8121
4017
1099
2502
6647
1360
1945
4747
6271
5499
6277
4406
6602
7707
7159
6971
2503
4374
1801
937
3029
6418
4456
8973
7648
4050
7264
9416
8163
5642
9829
9922
5943
536
5843
4063
2481
2487
1870
4829
4549
7246
3493
4494
4906
4052
8642
1337
7798
6419
4509
5553
5477
9145
6350
561
7220
458
7028
8131
4425
8231
6819
4721
7408
1621
7738
1152
1949
4626
5005
1477
7053
4300
7924
6025
6565
3246
2792
3638
6598
3343
6736
2876
1966
3042
1887
5979
1909
271
8553
4045
1150
3740
4524
8759
4726
4271
767
7922
8513
8175
7885
3312
5011
7330
3717
912
2559
9183
56
7065
6191
4792
5279
8214
31
8223
5514
6389
2422
7067
8416
6737
4543
8094
9921
1374
3983
9232
4421
2275
9036
8596
9908
7555
3055
8894
4151
3036
2475
544
2217
1549
2586
5669
6165
7476
7115
7421
7394
6360
7461
6806
1714
685
2004
7174
1739
7170
6636
6793
6300
5521
859
6606
5948
1255
7721
2348
8250
2839
9067
3905
5146
197
4655
2212
7790
3398
6528
8704
3433
3800
9786
5720
9524
3931
5245
3728
7942
4546
1547
2109
4890
7641
4073
4214
8107
3245
9321
7135
4248
4405
945
2144
7705
7088
5892
8752
8277
6063
2894
3919
8239
6938
3996
1282
9704
8135
9249
7190
9439
4517
5854
9423
9702
7058
8157
9974
6058
7874
9168
7541
1284
8212
5418
3859
4963
4267
1245
425
9178
4240
1680
9968
8548
703
5597
1601
5714
83
2142
2460
8351
2095
4932
9687
3486
1511
8247
2106
8162
230
7587
7782
2953
8190
5707
1978
6267
1157
8978
8783
709
5205
8581
7180
4134
7775
4234
9620
6116
9223
7829
7551
1228
7156
7652
1582
849
6390
7580
8833
2974
9252
8182
9454
3565
2301
1265
2755
6251
6098
2472
8035
6603
557
8145
6018
6882
2661
5914
2378
9917
9842
8683
3648
2395
9646
9673
1999
7070
7300
2339
5800
6595
3168
2376
1093
8329
5793
7770
1798
5427
5648
9601
4035
9156
6953
6822
3530
4371
1622
3311
5056
1977
6069
2552
1834
6110
7751
7131
4156
3777
8027
5003
2078
5815
2698
687
6507
6353
4632
2023
4149
4775
7111
732
4976
4394
7237
1503
6820
1325
6492
2216
4077
4837
8813
3928
8278
5267
2689
8466
448
3418
3095
5632
8036
9863
796
9434
1243
5956
8203
8743
6704
9371
9342
6787
1715
6478
3768
5903
9181
1364
9775
571
5589
3972
9476
2648
4658
6989
6157
4936
322
2822
523
4898
9138
4947
6029
311
8225
9114
8587
7696
972
3435
8260
7357
6261
4591
6773
1173
1839
2421
1665
7865
7961
6358
4610
7037
3114
8991
3132
6562
4639
4597
6909
9180
6091
362
9397
5645
5250
159
1088
9879
8070
7667
3606
3481
1690
1603
9519
1392
6754
4839
4956
713
3098
3769
5775
7079
1619
9289
3461
3190
2424
8691
7882
4843
9279
9651
3183
4675
4499
9504
2346
4358
3583
8020
7647
6168
1612
9394
5076
9707
7452
2182
2298
1322
2533
9805
5747
9324
7298
323
1776
2234
6449
2314
4609
7635
964
8891
8114
3783
9066
4021
741
2868
5373
7202
7510
4579
943
8263
9319
9046
4211
4562
3068
37
3890
615
9172
5040
4565
5945
4749
8406
5810
3385
1050
5308
5366
90
4298
7583
5569
8334
5864
3303
7032
4152
2622
6996
2575
9119
2705
6929
9553
8272
4103
4698
3719
2041
7447
9409
6385
8431
8766
1713
3102
8983
5002
4636
7206
5390
5749
2222
2280
5773
8561
5299
1036
3166
7854
8468
201
4957
9548
2850
6975
6264
1229
344
5920
6916
1315
2398
3063
108
3628
1103
286
736
3306
3542
4142
5751
1418
2522
7085
9282
3080
9520
7936
5191
6642
3654
1333
7952
5955
8804
3296
7678
4555
8790
3167
3710
8253
5804
9738
4860
778
7704
9088
8197
1077
8829
4993
3758
2178
4497
6780
7477
1096
357
1105
4145
5744
1516
3455
564
4911
239
3627
9998
5012
2952
1372
6843
6881
1328
7812
8018
3576
7535
4695
9003
1650
2249
9766
1224
3791
6355
7247
1308
2103
2810
4255
6558
5092
769
5006
8537
111
976
8662
8016
5165
1351
8449
3200
4227
6664
1935
8408
3797
3761
9195
3516
7454
1476
1107
2334
2545
7205
8569
392
3187
5783
9790
4003
3272
6522
6375
8101
1561
8811
7949
1189
5296
807
9102
8841
7427
990
1482
2468
5262
759
8787
5542
3649
1895
266
549
601
6873
1702
1413
7440
3611
2971
5174
694
6470
2585
3300
5004
8072
8309
9961
9200
4055
9359
8037
7898
3123
3729
4106
5330
346
9763
3082
6464
6515
9144
6570
9075
7755
9360
8067
8443
4506
1500
2573
7230
6764
7686
2923
6785
2637
5902
7287
3248
3955
8142
3199
6017
6559
5152
8440
3994
6911
2295
5158
7329
7498
9730
6807
465
7533
267
2062
4689
1009
2726
9214
8926
4531
5072
9311
3212
3894
138
6436
6653
8673
250
3575
2495
3712
5480
2343
5237
7153
7273
6899
2686
199
436
6514
7987
8110
4766
8696
5167
2891
4619
1485
4372
7280
4118
1926
268
559
418
6451
6871
9301
5635
4670
7121
4098
10
2815
406
3591
8191
9970
5375
7909
8796
6463
1748
1140
7367
4585
7878
6253
7676
4096
7527
4028
6266
2739
5248
4424
1871
9244
1362
1456
9127
4820
2231
1528
2163
2615
2875
3760
1513
7478
4166
8246
1181
3718
5351
7105
7094
8045
2645
7504
9077
8742
5017
3851
3052
8204
8326
5540
1172
5825
2814
3548
9514
7304
9899
8952
393
877
1128
1447
9684
4292
8259
4581
9706
669
5233
6585
284
1686
3981
7929
325
9474
5620
532
6923
7101
5179
4228
4076
6161
4263
7123
1843
7701
6695
9731
8536
2070
