3571
2245
1685
1905
1586
1226
2472
1828
358
1271
1687
3742
160
1369
735
1319
3031
746
2804
4601
3220
4705
3336
3748
1304
957
610
283
1651
178
625
41
2057
4783
4546
679
4734
4637
3703
2405
807
1427
4198
702
1032
756
3760
2504
3103
931
4117
440
3542
3004
3586
1234
2417
2483
978
4346
3853
1178
4527
2120
1545
883
3631
2853
4548
4384
3704
2388
3273
3803
4164
2548
2358
1950
1457
3671
1460
4329
2209
2081
2770
2989
3933
1883
406
3921
118
778
3938
774
4018
4788
452
2322
9
1476
1709
4471
4270
1548
2970
1286
1504
618
3998
1071
4094
4098
3693
4132
2655
4206
668
1021
2858
1729
1168
1643
1207
4621
3612
137
4390
1690
1650
3059
1904
3862
1197
4429
237
3284
243
1086
2708
3978
3555
751
4535
2808
4149
3827
2175
3224
3882
853
3290
2600
1961
2387
2260
4091
2526
1140
3911
1189
1616
2229
4809
1164
80
1206
1054
808
2736
3575
1675
3183
1984
3108
471
1481
1967
3105
3312
3087
1658
1572
3304
3702
330
2659
19
3784
4483
3985
3923
3045
3138
3584
789
107
3969
3848
2443
4509
4587
3541
2283
15
937
1528
1166
2129
2838
2410
2338
930
582
4853
1020
1147
4884
2947
1981
647
1093
1622
419
68
2939
4445
4779
4890
724
604
2891
3227
2430
3270
3030
2473
2394
1350
2941
2422
1425
4902
4337
2558
1243
2085
677
2752
3807
4723
561
4014
505
1952
3508
3658
3163
4376
4331
2264
1050
4391
1716
3483
3558
3401
1185
3473
3009
2975
4683
4959
3129
4259
1906
2514
3729
850
4272
3551
3695
4762
3722
4435
934
4279
4687
1819
3032
1315
3776
2343
1009
1306
4319
3153
1933
4326
2690
4879
2965
3418
50
4455
2006
875
2765
674
3522
1561
721
2340
4573
3698
2767
2682
4560
1449
4163
916
2201
1881
3785
1348
1977
2802
2234
4447
2019
951
1666
1318
1638
4371
2381
4944
1943
1684
518
3187
3174
498
3920
758
1530
4222
4095
4803
664
4958
977
3726
3117
1834
1076
1012
4649
4204
4673
1916
2606
567
4168
4173
4676
1742
4663
1940
1088
2631
4945
304
101
1276
992
2287
3709
1701
4609
1592
708
3423
4522
3231
1301
4473
1880
2224
1062
3755
3843
1889
2499
3634
2210
204
1224
3275
2587
214
4667
4749
4035
2301
2399
1058
3392
4436
4802
638
1474
4821
1145
4566
4220
1437
956
3815
1727
3490
2441
2930
2893
4880
1264
2055
2363
4063
2617
1969
2230
192
1003
1083
1913
4791
4110
2837
4752
3034
4078
4159
1544
1627
2466
924
4937
4441
3737
764
4750
3727
1057
3148
3217
1853
1774
1034
3553
1868
2503
153
2365
3314
1746
712
1731
4643
901
4869
4953
364
3367
2618
289
370
1499
1469
2445
754
1204
2501
1637
3472
1308
193
4075
3057
1818
4636
871
2512
2582
1522
4598
2261
1920
4979
1647
1629
2745
863
2086
4563
3247
1339
565
1320
365
3761
1506
1090
1937
2447
1251
3623
1462
3093
4205
1351
1841
4735
1919
1439
4249
4150
1524
76
3176
3221
3165
3605
3961
1782
548
1607
1221
4635
4829
504
1211
4230
4302
718
1600
2385
4882
2191
3830
42
3387
2218
1426
3379
2040
1230
4239
2584
2637
762
4516
1492
946
1648
2622
2895
2546
4675
3611
4103
3364
3021
4988
906
1070
3561
2915
2280
2756
1268
991
705
4324
1424
4048
3922
3146
4189
46
1023
4466
828
4841
4295
678
421
806
197
4153
1434
3597
2716
3930
3240
3098
4286
1431
3728
2369
4389
391
5
3981
3405
297
2684
2255
1483
3201
4333
3333
2227
3847
324
2186
1109
4479
2124
1780
1801
1577
1488
1112
766
2421
295
1456
4287
485
2959
4363
3324
2168
1379
2346
900
3453
279
2976
111
3325
3100
3391
3974
3653
414
1702
703
307
3474
4076
287
4345
3590
3235
268
660
2477
4562
248
3258
1519
566
4210
1121
1387
1748
120
769
2539
2635
374
4606
1505
2308
4633
1817
544
43
4707
1340
4320
2799
682
737
1798
104
2894
4335
1875
3550
2784
3713
3681
481
2176
263
89
1131
81
4871
427
3091
2712
4955
3346
376
105
676
706
3142
3375
585
3259
1551
4494
2862
512
3274
2983
1689
1563
4758
1280
2954
202
1895
195
2697
2519
2128
2370
210
3565
1852
3734
4226
4074
4558
2212
918
1081
2849
1769
3872
4409
3795
432
2177
2486
121
4349
3410
2138
1531
2757
4283
2561
4895
617
3179
743
4898
1297
151
371
2786
2644
37
1597
1792
3834
423
4844
4142
4565
286
4496
2419
2063
450
2104
3972
2650
777
1980
2295
4619
1710
4292
4526
288
2781
2625
4010
3209
4443
3652
988
493
2528
2432
1275
1621
1467
187
3885
4706
1639
4033
1928
4221
3829
4894
571
2869
1610
3856
4888
3283
3618
4188
4924
621
4251
2162
1048
4396
1471
3799
3020
4181
66
2337
2666
920
2699
1056
75
4714
2623
4764
4994
4410
3320
4244
3049
982
142
1270
3058
3300
4946
2683
3104
1388
1997
688
4097
470
135
228
3822
829
456
56
675
1508
933
359
816
3169
4356
3572
3718
3359
2817
1901
4068
635
139
222
4796
4177
1180
922
2677
4457
2532
1182
2319
1169
2675
2609
150
3941
4837
3287
2992
4462
4003
890
2819
2380
2980
94
4808
3979
4553
2598
4810
4905
205
1606
989
87
2914
4640
4655
3470
3574
3786
1052
1253
247
3651
0
4211
611
2449
273
2704
3491
4099
483
1556
3450
1187
3778
403
2844
4866
4787
2570
1941
4700
4218
926
2412
1325
496
116
3666
3199
1886
4916
1936
1704
2516
3963
3251
1722
2291
1878
659
4268
1578
2628
1998
1179
4938
4799
588
1064
1887
4118
176
2824
276
830
3675
20
3793
201
3356
2750
1075
2566
500
296
734
3810
3636
2113
354
28
1736
1547
2530
405
4856
1031
4481
2455
1362
3535
1335
1673
4681
340
396
2649
1654
3
2818
3127
3898
834
4776
1869
516
4058
3101
4185
2333
1184
2178
1289
4836
3124
1784
4141
4470
3044
1755
1903
3892
4718
2345
1655
2510
994
963
2880
4551
226
1047
3587
4395
3226
3614
1334
4904
441
1925
4885
383
2423
4176
3925
4062
3842
1963
4569
4539
3744
3994
215
4314
507
1520
3257
3056
2856
1445
1805
710
747
1515
2505
401
1078
1706
309
3725
2701
3858
2621
3603
2403
1640
661
4372
1380
570
3434
1707
4362
2865
1067
3608
1115
4599
603
4057
522
387
691
258
3344
4123
2303
1973
3690
497
3454
4914
2379
805
3476
4134
3486
910
2614
2923
945
262
2469
4727
2934
669
3327
1633
2963
3130
3802
242
1574
4711
1279
1990
35
181
563
761
4580
3289
4682
2133
1681
4269
3909
2964
723
3074
266
2239
3269
4212
2687
3966
4533
4424
1413
1719
4626
1415
3699
642
3630
3868
1763
1357
623
3928
1087
1175
2142
4822
4021
3381
3202
443
792
2238
4736
526
2743
845
2268
4536
59
3935
2592
4209
4377
996
1806
1262
1367
2755
4252
2031
1614
3192
1108
4224
695
346
2828
560
4928
1091
4475
4451
2977
134
2480
2834
3352
1013
4915
4590
1497
3011
707
3088
3524
3415
2351
1580
4731
4460
339
685
282
3480
2325
4561
4529
190
3317
4195
4929
993
1557
338
3214
3070
2026
4426
2190
1783
3545
4399
3825
2663
3223
1196
1521
3924
1130
1120
1267
4152
738
3820
3037
2812
1435
1312
2905
2349
3637
3754
619
2219
2076
246
3997
1475
191
739
2036
2377
630
3215
3085
218
1552
3279
2075
17
486
2281
3458
2154
949
2098
2137
3735
535
1739
794
1129
1535
923
159
3952
2508
4740
666
2886
2724
3080
1672
4027
1688
1371
4106
16
1433
3036
1356
662
4311
4404
953
4544
4070
3018
2911
858
2170
4054
1463
381
4081
2276
4022
3456
4773
3901
3151
3549
3487
1393
965
1111
117
1063
106
1014
2197
788
1284
2482
4730
3696
1000
1135
633
2071
2032
1870
2580
4216
4019
1680
3919
4710
2742
368
437
4121
1759
363
2041
4174
3211
2747
3232
30
3751
1496
4015
4487
4280
722
3792
2734
3426
1724
686
928
4459
2225
2372
609
1365
4515
720
3198
3022
3599
4374
4524
2101
2820
521
3255
4039
4034
4393
3705
1216
4061
3408
3530
3260
4756
2342
1213
4698
4960
999
3683
1741
3936
2284
1205
4931
2330
3647
308
832
1237
4827
1726
3588
4592
234
63
4175
1529
3128
1299
1478
2034
2241
221
2685
4219
1407
1799
4826
1321
170
3501
1399
360
3362
2948
2559
3090
3013
166
4405
1902
1787
4568
332
3398
3008
1576
342
4825
3330
235
3366
3463
224
4016
1700
385
2912
2401
4089
1899
2328
2496
598
1494
4344
165
1534
2112
2194
597
4116
1912
2007
2316
3954
1220
1705
2078
3236
2652
1482
4480
2630
1620
975
2400
1892
4991
4540
2788
2246
3639
1470
2309
4196
773
534
3436
667
4190
2235
3569
4537
3580
184
3720
2091
909
3615
1923
1795
1762
3439
3836
1882
4806
2599
2593
929
3141
3648
2525
3509
3875
3595
4415
188
4612
4237
4899
768
4912
4672
1172
1126
4250
3155
1192
1055
1540
2733
424
4624
2720
4055
412
4421
713
3750
3886
1406
3716
1372
126
2919
1458
2058
1720
2121
3769
4980
93
2427
2315
4717
2633
1158
896
915
3228
4318
2953
888
322
4155
1337
2988
2771
1764
4047
2689
2831
4614
2999
325
2214
2847
4293
4261
1245
2130
2106
1122
220
4617
1448
1015
1942
3315
2567
1802
2002
1366
709
927
4608
1466
865
1409
646
2981
4026
241
4386
4943
4284
506
83
2881
4486
2854
4908
2569
1953
877
1144
3510
1985
1389
2376
748
950
3495
4108
3904
211
2185
3478
1300
3154
1229
578
3131
4104
2373
4990
3386
71
4748
1186
1663
3028
3986
1565
2787
216
1962
4401
4851
3206
70
2471
955
1938
2148
3095
4688
2776
3052
2951
3166
3589
2638
2813
1377
1480
4359
2409
4661
4684
3210
3616
4100
2160
144
1138
4541
366
3420
398
4364
4574
1641
3539
4157
3097
4007
2892
2088
4067
1897
2222
2083
3813
2357
1011
2852
4589
2371
2521
2859
4772
547
822
4412
594
4233
2529
4726
4721
508
439
3313
3956
648
2080
813
4567
1161
1873
119
786
4623
1065
2533
4504
2442
857
259
1498
1532
964
149
2155
2090
429
4029
4881
213
4691
3552
4313
4139
699
4668
1794
2772
4918
2565
2223
1691
2436
2450
671
1856
841
3602
1837
1830
2709
1219
979
4830
4378
4613
2670
3469
3968
3064
3412
1094
1772
2383
3241
1821
3525
4897
3824
461
1634
784
2937
1652
2897
4686
482
2424
2027
4738
3137
4872
4834
941
2446
3234
783
3077
596
2331
3796
362
3099
302
4936
2811
823
4602
2310
4934
1084
968
392
3046
285
4253
759
4674
1569
3278
3867
4852
3263
4297
3184
4733
445
2741
3171
3205
4002
1619
4512
3370
3591
1946
38
3380
45
2821
3873
379
4265
2890
4316
4178
972
696
1039
2460
2729
1738
2952
4724
162
2535
3594
4992
3899
3887
122
244
4770
4969
4891
48
2393
3295
4255
3773
2608
4468
3291
2221
2144
1360
836
3256
2457
317
2562
711
2706
4864
4498
4900
4523
538
3621
4695
3003
1349
1693
230
1954
2744
3976
2825
3626
4428
99
4947
3965
4952
3082
4305
318
3753
4228
2017
4577
1170
3772
3821
4044
3812
2202
4347
1849
3007
1596
1162
3307
4860
3774
1381
2513
4353
4119
1831
1791
3791
1712
1402
1900
2065
3462
1692
3781
1420
4588
1661
250
4446
3507
897
1683
2038
1501
4759
3684
4491
1453
1414
2102
2262
4833
1656
2364
2577
3229
1779
2064
1001
4427
2702
1527
4275
867
3860
511
3089
3297
2536
2728
3368
4125
453
1525
2374
238
4392
4874
639
1559
3282
1860
868
673
725
885
408
1225
798
300
843
3161
4309
812
4005
587
1134
519
3732
1282
1195
4594
2242
1429
4956
1922
3411
310
1100
4855
388
4192
2009
2669
3334
2487
1781
2208
4245
801
1526
1978
2115
2578
2028
2314
4334
3322
4996
3479
3157
416
1951
3485
1915
4290
4903
1664
1839
1775
3477
3831
3373
1292
98
1059
3286
54
3685
198
3670
2555
123
1800
2550
4420
4505
672
343
2850
3540
2140
4406
980
3953
1272
4570
1773
4236
1848
3414
3730
1861
3200
4554
373
3298
2199
4368
4169
572
2725
3354
2611
1174
1568
1479
2307
3662
862
4715
4729
3511
2805
1645
4641
4531
3134
3568
2418
3175
3281
1517
2619
4669
3677
3712
3452
1518
186
177
3489
157
3951
2415
3000
3638
2336
2014
1045
1382
1511
2389
1332
1423
1274
3457
1911
1993
3301
4419
4006
3014
141
4242
2067
3988
665
2547
1803
3691
4877
3264
3053
4747
2764
3531
3440
4692
4628
2323
4605
4863
2640
4702
4514
1642
3635
4767
1513
1626
4256
1042
881
4387
1835
4521
4254
1390
3806
4708
2956
2092
4065
39
425
3302
2524
2544
4800
2173
948
3543
7
1236
536
2011
3526
1996
636
2801
1313
267
4308
2180
3012
357
3889
1589
478
1386
2237
1099
3811
509
4510
2413
4543
3496
4038
251
1110
380
2344
804
1242
4741
140
1156
404
1252
3736
3907
4578
494
2777
22
799
4823
3999
3371
2518
4719
2489
3152
2475
2916
3396
4030
65
4077
397
1254
2259
4407
2698
4744
1260
3266
1785
3498
997
694
4862
1833
3455
1585
3309
763
4645
4444
4593
4072
2732
986
2050
164
3025
3385
750
2792
2411
10
2940
1703
2341
1241
2278
629
1697
3891
2950
1305
2590
3419
1006
2079
1793
4083
2653
4208
2660
2785
501
227
4883
1026
1455
96
760
2573
2490
2392
4982
1416
11
3846
337
3554
4751
4050
969
959
4273
3943
3888
3515
4754
3894
1309
1884
1068
3987
2274
3086
3762
3482
2641
1660
650
3421
4306
3125
1442
894
127
1240
2232
3402
420
4477
2119
4651
369
3958
4225
2597
683
1825
2796
940
802
961
3929
2922
942
776
1419
2003
52
1311
3837
4670
3252
4932
1960
1368
3430
2681
3428
264
3475
3499
2875
393
1461
4657
846
1846
2827
3040
4453
2152
4795
1069
2332
3493
4648
2517
138
1542
2326
4241
3940
466
1477
402
4963
2830
3467
1601
4555
2921
95
1549
4951
2942
4662
1804
4090
2407
1486
2252
329
903
4722
2359
1579
455
169
110
109
3417
2654
1970
2183
239
257
1665
2414
3360
3112
576
3767
2500
334
3759
1965
4989
2610
3527
3701
849
4831
1106
1896
3787
102
3407
4843
1815
2779
3338
4440
3160
2982
4154
1944
1190
4547
4933
4130
131
2810
3739
1842
3598
2662
2803
2511
1163
4907
4312
341
3764
4079
2362
313
3756
426
3265
409
2665
1008
1465
4813
4041
3937
2901
2061
880
4140
3394
90
1644
4260
2001
1218
3534
3573
1992
1119
2134
2313
652
2639
1139
2797
1072
3285
4604
3706
103
3949
256
4939
2440
3747
2360
4458
4465
3376
2244
1024
1979
4127
3700
2465
781
4600
272
199
3844
2166
2564
4434
3233
939
1314
1146
4247
3323
4769
698
2910
3642
73
1152
4873
1715
4120
2997
4361
1945
436
2888
2099
3492
245
4597
2051
1974
2059
3079
2899
1813
320
3629
3399
4538
1249
4632
3249
4697
2664
167
2452
905
4232
489
1239
4073
4644
2116
645
736
2542
3168
3593
2843
394
331
2141
4199
4763
3902
2936
898
1468
2265
1464
1564
208
1193
1623
2207
4586
1378
4080
4160
2522
3628
4923
1894
4138
4059
1
983
3406
2643
367
687
4147
3927
1102
4622
3852
3243
3159
3092
1400
1767
4285
2790
2391
878
1812
1717
589
2710
2774
1363
3335
430
2855
4618
656
3770
912
1539
352
84
4919
4332
4652
2540
4112
2205
4433
1768
2605
3041
2096
4798
503
4666
4842
2000
2200
2629
3349
1329
1590
3876
4144
4671
3514
108
3119
622
1617
2987
2913
502
852
4993
2226
152
4858
2882
2967
79
1553
3973
728
1929
4658
2904
2636
3913
1765
3613
1570
3804
2896
145
1541
3075
3719
4442
626
2841
196
600
86
3775
3292
298
418
1278
1858
448
1972
4352
4288
1718
2494
3461
1123
2696
3222
1659
3664
2842
1713
1342
4913
3946
3195
3533
4180
3441
1324
4403
3881
3579
3303
3989
1924
2717
2054
2822
741
4948
132
488
4258
3851
1537
2082
1098
1233
796
1018
3193
2925
839
446
2439
545
1053
1493
3293
3332
4716
2575
2829
921
4782
100
4564
4957
2302
985
2256
3122
775
4696
749
840
1446
4416
4485
189
782
77
4315
2678
608
3649
3992
559
551
4771
2815
3833
1107
1266
3393
2969
459
1947
2715
2673
689
1809
2846
4941
4423
1287
4304
970
4036
2739
2713
637
2866
3934
4193
4847
3779
4906
719
3445
336
2462
1124
640
2557
4179
919
1398
2312
3027
1932
154
3494
2378
1405
2158
2688
3246
225
1558
3471
229
2920
3672
2010
4032
2581
3109
2263
1550
2354
499
4031
2984
755
3506
1354
831
1394
3991
4703
1776
2438
3047
2043
2703
3828
3667
1352
3038
4737
2143
3914
1820
3466
4812
3218
1029
4725
1615
606
479
462
291
3374
2016
3133
468
3600
4550
1618
2960
555
3711
3809
655
4530
1698
3955
2527
1165
36
4394
2467
4816
3619
3617
803
4214
2179
2290
1228
2563
3113
2404
3910
1674
1917
1602
4040
908
584
2851
1256
2304
4
4627
2249
2094
4817
2723
2492
3622
355
527
4591
3763
3680
1838
733
987
78
2125
1355
2167
3977
3983
3006
2294
2730
3556
2680
851
1403
3870
2945
2596
3656
4949
4088
4414
2159
4690
4807
4452
1646
607
2131
4484
2347
3945
2714
2594
4474
4745
1500
2248
2927
2348
270
524
2192
3604
2972
3741
1888
4998
2973
4811
3659
2258
3723
194
1199
415
3005
2021
1850
2015
25
2695
2491
2763
4373
4115
3516
2169
1723
2604
1307
3520
3801
1752
1921
3272
4011
1533
2534
1222
4685
4499
3721
1490
3797
3173
1747
1247
2961
697
974
3416
3239
4111
4166
3121
1353
1491
3431
2935
690
1523
873
1696
847
4000
3871
1089
3620
3625
2908
680
3708
4327
2023
3123
2727
4493
2971
1789
4450
4137
3874
4201
2933
3023
2402
732
24
2634
3505
1459
2974
2693
3365
1359
2069
2127
2286
1085
4519
4151
4128
785
1095
4342
4935
372
4408
3682
255
1432
3339
1137
1910
2004
2461
3607
3654
1816
3840
2520
4975
4875
1330
2266
2196
2206
2612
4861
4184
2062
4263
4508
715
284
1444
4909
4846
1361
4126
4501
4840
4200
4437
2172
1038
825
4489
4780
1051
4351
3178
1824
628
1560
837
1699
1857
1217
1454
717
3917
692
1136
3975
2498
4857
3537
1238
1181
1173
3102
4542
389
654
960
4492
3048
2318
2317
742
1876
3687
223
4167
4845
4194
1447
3538
2146
3993
2107
1344
1986
2726
433
2944
2823
870
333
745
3548
2543
2289
3182
1258
1401
3172
2279
3745
2749
3780
1502
3189
3156
4584
40
4968
4639
2560
3107
3024
4400
3890
3377
1604
3321
3061
4781
4967
3429
3676
451
3135
2285
958
2282
4133
967
3839
1040
4341
3879
2753
1744
353
2097
2746
817
752
3880
2898
4203
3564
3029
4339
487
1611
4020
3970
1662
3627
2966
3384
820
3606
2073
599
842
1964
4814
2679
3002
2361
2873
1877
4271
2320
236
3425
3838
428
835
4789
4610
3864
3783
2758
729
1375
1668
72
1603
1686
4113
2507
1105
2396
4603
2998
3503
3065
3054
3646
568
3692
3194
1766
484
1157
275
3342
833
4248
3959
1231
3149
2509
1725
3523
569
4069
3435
4289
1632
2889
2150
4262
602
4085
663
2878
1566
3043
3207
130
886
532
469
1657
716
2375
4105
1573
4264
2602
1669
4217
303
1441
1176
2355
2189
4974
4732
2420
1507
4793
3197
4631
855
1016
4299
4878
2353
74
1167
3016
51
2105
4338
465
3388
3305
4348
2428
620
1408
1154
3632
4053
515
4664
2273
21
580
3731
4503
4456
1628
3208
1879
3866
1261
1679
577
3383
1907
779
3857
2018
2861
4753
2572
278
4266
2022
793
2537
528
882
2157
4616
2182
3212
4572
4336
1631
2884
2556
3438
2384
2917
1114
4647
2089
2907
2046
3518
4713
3800
4388
1440
540
3280
2198
3389
859
3849
2275
1931
3805
2871
1383
1740
2458
593
3814
3583
856
3808
2751
2991
981
925
4559
1331
3915
3039
2433
4448
4942
232
4549
490
2277
2836
4267
4323
3529
3624
3144
4497
1030
3017
3140
1269
410
3650
4418
726
1796
3957
1148
3150
848
1484
1113
327
3337
301
1714
4156
1004
1930
2398
1676
3094
4819
4096
4650
892
1327
4381
491
1002
2077
4966
1630
914
3798
4042
2903
2692
1285
1328
2149
4892
1583
4583
819
3577
1288
4370
3869
321
1171
1028
133
34
1959
615
4281
2037
4454
3167
3299
2108
3073
3818
1599
2095
4124
3782
791
546
2807
305
4999
1005
3546
1708
1760
3446
4760
2039
1404
1670
2216
1295
3942
2672
904
293
4037
4464
3947
4145
4775
3448
4476
2253
3042
876
4755
4607
457
319
1310
3413
348
2735
614
4520
3288
2296
2188
684
513
3679
3660
3068
3532
382
6
4917
2931
575
1711
3062
4025
3245
2193
2549
1807
4343
2053
3447
1976
458
1761
1811
3328
3609
182
1733
2459
4930
3468
1265
3390
4001
1546
612
2044
1536
179
1914
4449
1581
510
2876
1036
2271
399
971
3069
1822
2035
2553
480
3980
1845
4355
2607
2454
3451
1872
4920
1443
1097
891
4158
3116
701
2877
4240
4720
3893
4765
4143
475
2868
203
911
658
2979
3757
2020
3238
4838
4379
1255
4431
3225
2848
3213
4665
2860
3071
4893
550
3216
269
3536
2429
400
1293
2408
564
1125
525
4360
3343
4699
3517
4850
1956
3081
2161
1677
217
2292
2030
913
4642
579
2737
533
3296
1103
740
1073
1770
4545
1235
1066
3464
375
2327
1797
1080
2463
770
4790
4186
1150
2740
4294
356
1101
2700
1593
3655
1250
1132
136
3905
1296
219
2826
3484
631
3688
4093
864
753
581
1061
1451
2731
12
306
2254
757
3883
2047
3114
4792
4365
4571
3318
4243
1989
1728
146
4709
4235
1859
772
714
4369
1043
3350
573
4552
4704
4677
1591
2928
795
4534
442
1298
4887
3562
4463
2084
2306
1215
3878
2425
62
2642
3400
2900
2994
1682
3078
4282
3242
434
1027
323
454
1259
3863
1188
3678
844
64
1438
3147
1999
4383
1695
1958
361
1155
26
1104
1495
2013
1370
2416
4839
3850
4298
2795
3743
4977
1430
3316
1862
1594
2840
2626
3854
3724
1007
2613
866
3132
3673
1991
1263
3237
3715
514
3771
252
1814
1995
1472
2962
3035
3347
860
1010
2867
3644
3066
4965
1851
4135
4886
1281
3196
3219
2863
2857
435
2145
3444
3996
2444
4028
2996
2074
1994
2153
2667
2879
2870
463
3248
4575
4582
1909
2195
902
595
2906
810
4528
3740
3437
3746
1732
2114
4165
4325
209
643
2151
3560
2479
158
3900
1671
2721
1893
4615
3841
3357
173
2760
1035
995
1509
815
3855
3733
4004
33
3276
3694
1291
4051
4679
3789
2269
657
2768
653
3001
2163
1808
1033
1678
2213
3547
2481
4321
670
3331
4397
1966
3877
2775
4835
3348
1874
3962
3145
1208
2204
1022
351
4049
4238
55
3063
2943
3424
4646
3640
2478
954
1117
1790
1584
627
4064
2334
3512
787
2705
4970
3990
2497
1649
1743
1384
3557
128
1153
2110
2926
4162
3404
2571
4848
2267
3180
125
1753
2658
1503
3859
895
1118
1918
91
3610
893
3191
53
57
3674
3903
200
3019
824
85
386
520
3363
809
2583
1397
4940
3926
2339
1855
3250
1538
1333
2087
4511
4921
3177
2033
558
4742
838
4950
3519
3488
530
316
1082
3326
4317
4653
3164
2791
2468
2595
407
3563
2616
345
3382
180
328
4778
4017
3581
4432
4728
4926
4576
4525
4358
1392
1376
1514
449
2738
624
4976
3449
879
1758
1844
1160
183
4986
780
3559
1096
1303
260
4082
3310
1060
2624
3777
771
2648
2902
3409
3995
447
1200
3268
800
2126
821
1428
2060
4307
1957
61
411
2586
4611
115
492
2488
4092
1827
1667
1840
2661
3567
212
2576
4213
1358
88
3262
4739
2579
2233
818
384
3585
4161
2806
4024
4984
112
156
3950
952
2181
4784
2072
887
2100
1926
2109
2789
2552
3497
3528
2691
1988
1927
3403
616
206
4367
2627
2297
2029
4797
3361
29
4876
2668
3566
2431
97
377
1232
1757
3906
4071
1079
3010
2484
1605
1847
4467
4246
253
3170
464
335
936
2591
4987
44
3960
4207
591
2929
730
311
143
294
4495
18
3717
4439
4257
541
417
2049
3592
2187
27
3768
2367
1863
4182
1323
1832
2406
1277
1567
1751
3657
1890
3055
3372
1865
2711
1730
231
1326
1322
3050
1017
2541
693
4513
2426
277
1373
3067
4507
4380
2722
4625
1436
1975
2437
1864
254
3203
1133
261
4322
3355
553
2589
2012
444
1343
1598
727
1396
1227
1347
552
1778
2300
531
4634
651
4277
2215
1871
1244
4023
4638
543
4743
4910
431
3186
556
2748
4171
1294
3790
943
2645
973
4066
1948
1516
4109
2250
4350
590
1257
3884
1412
700
4824
4995
1987
2228
3816
4425
2066
2174
1562
4801
47
2324
3521
562
1934
2203
2048
2147
1485
731
1092
2156
2835
2601
2132
2523
4357
4310
3353
3964
917
1588
4223
2352
3669
3126
601
4777
292
4300
3162
4045
2694
826
2883
4131
1595
2554
2386
4187
3465
3351
3570
4557
2470
4701
523
2136
8
3576
274
681
1142
3096
1450
998
2793
2800
4896
3378
4828
49
2958
1612
4215
2123
2864
2766
4506
4438
3459
4229
3397
4136
129
1341
1374
473
2719
2311
4231
1867
1177
2321
4472
1745
4962
4629
3267
634
3033
1201
2839
2042
3916
1422
23
3136
4973
3689
2754
1019
2832
3896
2809
4805
3427
4867
1836
1935
3948
889
3578
1487
1049
3895
2122
4997
3204
1983
2986
2985
32
2603
884
2632
1826
3443
2995
2845
4375
3918
3931
2949
4694
1543
171
2647
2676
1248
2024
4660
2056
3139
2093
811
161
4712
554
3181
1489
4411
2366
3329
2833
240
1395
4043
2293
2231
1336
4680
2814
976
3340
4761
4794
4656
2335
4413
4009
2368
1625
1512
4102
4276
1283
3544
3358
4303
790
1510
422
4595
3686
2382
1025
326
4859
2887
2957
1143
4746
4398
3460
2236
1411
92
438
3835
147
1290
4114
2288
4148
4818
3765
3271
1786
4766
4328
4274
2816
1823
3306
3967
827
2946
3845
4961
477
2390
1203
82
4084
4849
2769
4012
4654
3939
3944
1582
542
2243
1971
4461
3861
4911
281
3230
2164
1982
2008
3707
4056
1418
3051
2464
1317
3341
4191
1037
3643
4087
3076
349
1041
1074
2299
2476
1756
1554
2656
395
2350
4978
605
2025
1908
2270
113
2531
1391
1788
2759
1866
378
3502
3513
3932
4768
3369
4983
4402
3253
2217
2506
649
2356
854
4971
4482
744
2453
4227
3015
314
2924
3897
3752
315
2005
4172
2955
474
1608
3294
1613
3794
947
67
4517
539
2657
3500
4197
899
1777
3190
3788
3072
3422
3277
1151
3308
1555
1316
1159
3601
3345
3758
3084
4532
4013
4340
4757
2872
2493
4129
2272
2968
1749
3118
583
1149
3442
1410
4972
1046
3596
347
2990
4502
1843
3158
4478
874
1694
2117
2220
1949
990
517
4786
2456
1891
704
4122
163
4981
644
1077
2448
460
4518
114
4774
2938
4330
3254
4579
3244
4785
4052
1198
2118
2184
3823
3661
3083
4581
207
2874
2305
4086
1210
1223
271
495
3663
2070
549
2474
2718
4870
4417
1128
1721
1452
2171
3110
2
2045
299
4820
1810
168
907
1302
4046
467
2909
3582
3738
124
1212
3026
2782
4804
2761
3060
2885
2451
3817
1653
3912
2588
3710
1829
613
932
529
2395
3319
4430
69
1587
4488
2798
3641
4385
1571
767
4922
4008
4382
1854
4693
1127
2615
557
4901
2139
4927
4865
944
1609
966
2485
3826
3749
1624
1116
280
3984
2052
1044
1771
3766
3865
148
1750
872
537
2515
3188
4985
2568
2794
2165
3143
2783
2918
2251
1898
1421
4925
3504
4954
185
2211
174
155
4815
3714
4060
3120
2686
3645
476
1417
60
1346
935
344
2932
4490
4689
172
1273
797
3971
290
1183
3261
1737
390
3395
2495
4630
4170
4585
1968
3111
14
984
2397
58
2551
1202
962
4889
2545
3633
2646
2778
4234
2103
233
265
4556
4500
1939
861
3982
1636
1364
4296
938
3668
3832
3115
2257
4301
2240
2111
413
3697
2978
3433
3311
4678
2247
814
4832
4469
2434
2585
3481
4291
2674
1141
2068
175
1191
2502
249
312
4146
1385
1246
2620
4596
574
2773
4964
1209
1885
350
2135
4868
2574
4620
592
1734
2538
632
1575
4278
4183
3819
13
4354
3908
1345
2435
765
2993
4107
3665
2780
641
1735
4366
3432
2298
4101
869
1955
1754
1635
2671
1338
31
4422
1194
586
3185
4202
2651
4854
3106
1473
1214
2707
472
2329
2762
4659
